 

num 66 mons.

1166161, 10.

1161111116611, 11131111, 111111, 90, 91,
6211211122 222

1166666666, 116.

1166166218.

11616696.

8661663, 1766661616 66 364.
8611611, 179, 262.

86661 Βο161612(1166166),160,214.
866611666, 160.

8666666116.

6666116666101.

8661616] (8161161), 93.

866116, 866616, 76, 86, 107.
6661166, 07.

86666666666 (6666666661116,

407 bis.
8661666661666, 166.
6666616661666, 166.
Soles, 86616, 153, 364.
86166 66 16 161, 100, 346, 384.
81611666, 93.
6166666, 666666, 116, 377.
816661666, 66.

8116166, 66611, 6611616166, 81 n, 82,
102; 66616616 66 866616 Hyldae in,

Shilvesdon (6111666), 20.

8161166, 66.

6166666666616

81666616 (666166631611176,
8166616] (616169), 27, 30116, 01, 93.
6163116, 299.

6661616666, 606.

8666166166, 160.

8661166, 866166 (8611166), 227, 226.

8661661616, 866166166 (61661661), 126,

6111... ss
6616616166, 112.

stamford. 61661666, 8161661666, 8666-
1666,6,117,122, 326116, 378;

1116616616321.

’ 6166666186.
816616661666,8166116661666,91,166,

170, 1911166366,
8166166, 61666166, 96, 96, 336.
6161616141.

“ 8111666, 344, 362.

6111661666, 36, 41.
&obbo-wude, 166666 66, 96.
8166166, 166.

81611111, 81616111, 266, 298.

475

86666, (666366, 366.

8666661666, 376. See 61666616.

86661666, 8666616666, 177, 166, 264,
282, 263, 290, 323, 337.

86161666, 6166661666, 87, 96; Eut,
2883 77661, 6616166666, 344.

8616166, 1716166, 317, 376.

8616166, 1666616 66, 327 .

1

'Pempl' Seurbi, 347. .

’16666 666616, 23, 186.

1666, 16616, 61, 196.

11661611, 01661611, 116, 127.

1166661166, 409.

1116116120.

116616166166, 1161666166, ’16166163-
166, 2, 89, 150, 154, 229, 341.

1161166166, 126.

1166661666 (mmmmm, 00116,
62, 63116.

2116666166, 22. ·

11666616166 (11666166), 320.

1166616166,166161666,11)66161666,
34, 99, 100, 162, 260, 646, 363, 606.

’11666 1616), 262.

11116 111116,]’ 11166, aqua 66, 111, 126
116, 209, 314.

1161166 0116661612 (1166101161691661),

’11111661661611166166 116116, 136.

2161166166. See (1161166166.

166666, 1661666, Magna, 322 16, 376 ;
16666, 167116.

1661666166, 338.

1666161, 1266661, 2166616, 36, 146,
193; Magna, 230.

'Prikelingtom 1161611666, 119, 316,

1611166166, 1161166166, 99, 167, 206,
207, 377, 416, 420, 421.

2166666166, 377.

16616161(7169961),126,376.

1666161, munnam, 1666666161, 46, 69,

16666, aqua 66, 326.

116661, 1166616, 1611166 66, 103 ; 1666-
616 66, 360; libertas (16, 296 ; in
regno 866116, 366; North, 366.

1)66,1666,1166,666666, 14, 16, 79,
6666666ω66
mmmmmfflmm
363 116, 364, 366; gurges in, 14,
366; piscaria, 813 portus 66, 61, 82.

16666611, 16666166, 11666166, 60,
208, 338, 347;11166166 66, 76, 90,
96, 661, 366; pax 66, 88116, 93.

 

