nmssx 011 PERSONS.

3100000, (10101011. uxor 1110111. 10, 213,
1110111, 10, 213.

3οὲ1,11011. homo Will. de, 125 , Will.

e,125.

30110100, 1110111, 348.

3000101100, 3110011000, Hugo de, 193,
347, 372, 373.

30000110, Α1011. 00, 87.

3001101, Will., 14.

1101011011, 310.

301011,.1011., 101; 310. 1110011, 100,

3000111010, J oh. de, 212.

30030010, 113.

310101, 11111, 304.

3011001011, 162. ,

30011010, 301). 00, 103.

3000, Ν1011., 163, 300. 10, 289, 393.

1100000111, 1100110 0101 310. fil. Will.
del, 304, Joh. 001, 242, 389, 310.
fil. Will. 001, 304.

1100000010, 3000110010, Joh. de,78, 140,
1110. 00, 106, Will. 00, 56 n.

30000000, 11000000, 300000001110111.
00, 179, Will. 00, 2, 403.

30011001, Will. 00, 127.

3001100110οι0, 128.

3011101111, 1101). 00, 337, 386.

3000111111, 110.

300001101010, Adam 00, 60.

3000010101. de, 187.

3111000, 3011000, 1100111, 122, 228,
389, 421, German„ 283, 10050110
0101 11001, 228, 421 , will„ 00101000
00 Ηο111011, 315.

3100001111, 110000 00, 392.

aicardus Rex, 354.

3101111101ιὰ1εο, (1011. 00 Sancto 110100,
31011100οω11, 275, 276.

11100011, Will. 00, 66.

3111οε100, 30011100, 247.

31001, Armiger 00, 308.

310011, 300011, Aunger. 00, 220, 310110
uxor J 011. 00, 306, 307, 11011110. 00,
210, 309, Joh. de, 215, 306, 307,
8111110 uxor 300110. 00, 210; Simon.
Qfflmmffiwm

1111110111, Will. 00, 33.

3000100000, 1 oh. 00, 164.

300110, Abbas de. See Rupere.

1100110, 310. 00 10, 129.

30001011, 310. 00, 73.

3000111, 300011, Roudon, Alina or
Alicia 0101117011. 111. Will. 00, 243,
390, 11001111 00, 113; 0001110 0101
1100. 00, 243, 31111110 uxor 300. 00,
259, 422, Hugo 00, 259, 389, 422,
11011100 uxor Will. de, 242, 3011. 00,

Μ

243, walt. 00. 203 ; W 011. fil. Will.
Qmmwwmffla
255‚395.

Rogeley, Adam 00, 129.

3011, J oh. fil. 1111110000113, 11011100
uxor 111011. 00, 252, 259, Μο11100
uxor 110111. 00. 286; Μο111. 00, 286,
Μ1011.00, 252, 259, 389, 111001. 00,
301, will, de. 411.

30110110, 3011. 00, 118.

3010050101, 3010501011, Alex. 00,
399 , Will. de, 162.

3011000010, 1111010 00, 255.

30100, 1101). 00, 44.

300, 111010, 74.

300010, W ill. 10, 359, 392.

300, Hugo 10, 104 ; Margeria 00, 308,
309, 310, Margarita uxor Rob. de,
QmfflfflQOmQ
QMQQffimAEmQ
1101). 00, 00 1100101011, 239 110, 3011.
00, 00 3011101000, 327, 11011. 00, 00
work, 101, 2390, 330, 1101). fil.
11011. 00, 00 110111, 239, 300, Will.
00, 127, 239, 305, Will. 00, 01 11011-
001, 2390, WilL fil. 1101). 00, 00
11010308, 1111101. Will. 00, 00
Mandrum, 289 bia

Rosa, 1110111. 00, 311.

30000Ιο11, 300,, 310.

3000100, 11001111 uxor Joh. 00, 350,
J oh. 00, 348, 356.

301οε00, 301. 00, 320, 378.

3011111010, 3001111, 301101, 1011. 00,
131 ; 11001180100101101 00, 334, 3011.
1111100. 00, 155, parson, de, 334,

, Will., parson. 00010010 00, 64 3 Will.
fil. 14010 00, 390.

1101110311, 30100110 00, 60.

mmmmfflfflmQ
74, 1101). de, 74.

11οο000110, 3000011, 310. 00, 171, 184,
301100, 52.

3010000, 31000, 239.

30010000, 3011. 00, 164.

1101101. 80030100010.

30000, 0110110110 soror Will., 275,
Joh., 179, 11111275.

300, 3011. 00, 226, 227, 388.

30011010, 300010, 31011, 304, 333.

30110050, Will., 321.

Rupere (110110), 1411500 00, 211.

300, Hugo 00, 33, 1100. 10, 47, 48,

3000011, Adam, 341, 381, 411010 uxor
11001010, 232, 300, Andreas, 232,
300, 30111101, 368 , Οο011101111011111.,
87,1101)0110 0101 Will., 87, Joh.
01. 3011, 243, 310, 82 , nob„ 273,

 

