lmx 02 masone.

01611611, 171611. 66, 123.
01631163, 2611. 66, 74.
016161, Nich. 16, 119.

0166666611, 1161666611, 1161666611,
0166666611, Joh. 66, 43, 2611. 66,
15, 2611. 16 66116666 66, 226, 227,
263.111.8111161166,2,26 250 516,

Simon 66, 2, 15, 17,63, 109, 402.
0166616311616,11. (16, 358 n.

0166661116, Κ6666111,Κ616611611, Ker-
6631116 (06131166), Alex. 66, 372,
1163616666, 75, 125; Joh. (16, 3511,
10, 52, 62, 66, 97, 209, 406,17111.

,1166666166 322.
0163, 77111. (1616, 36. “
01636611, 61611. 66, 125.

016166, Joh. 66, 614, 711·ο111. 66, 360,

0161666311, Adam 66, 274.
0161166661, Simon 66, 373.
0161111, 2611., 315.
01611 366611, 216. 66, 231.
01666661, 216. 66, 364, 393.
, 01611626 ., 211.
0166617111. 16,130.
0111116111, Gilb. 66, 395 , 21111. 66, 375.
0111666111 (8661116111 1), 216. 66, 102.
013111, 0116111, 261). 16, 218, 221.
Cu. 366266.
063616, Gilb. 66, 395, 2611116. 66,
166663. 16, 666.
06111166, 216. 16, 339.
0111, Adam, 341, 17616, 331.

0661661666061611616611, 2611. 66, 324,

01161116 06166611, 1711166, 78.
0111111636, Phil, 80.
0666661666. See 0661161666.

0661631661, 266. 66, 391, 263. fil.

1711636 (16, 391.
0611666666,11611.,162.
06166663, Adam 66, 267.
0616666666, walt„ 33.
066166, Adam 66, 399.
066, J oh„ 33.

0666161, 11616161, 8611136. 16, 366, 399.

See coutillerl
06661, 11161-,661111361666, 350, 266,
03111661, 1611. (16, 162.

2
2631161611, 77111. 66, 309.

2616, 216. 66 16, 210.
26111, 216, 363, 392.

261666, 0611. 66, 35, Gilb. fil. 061616.
66, 197 , 2611116. 66, 19, 207 ; J oh.

439

66, 19, Joh. fil. Gilb. de, 137, 197,
«16116 6161266616. 66, 5, 171611. 66,
19 , 216. 66, 41, 261). fil. Agnetis,
272, 303, 263. fil. David. 66, 19,
77111. 11101111. 66, 19, 197, 272.

2611666611, 7712. fil. 17111. 66, 156.

26111, 16116 11161 Joh. 661, 212, Ni·
3611. 661, 212.

2611633163, 16666116 66, 172, Phil.

e‚108.

26611111, will„ 256, 339.

26111161,Η611116.,120, 121.

26116661, 11161611611163, 252, 286,
424, 116656, 286, 424.

266666663,81166666636,1“11661.(16151.

2611661616, 216. 66, 302.

2631616, §imon 111. 216. 66, 238.

Dodo, 2613111666 61611611, 320.

261166, Andreas 111. 216. 16, 44, Ju-
116116 6161616644

2616111616. 866 Μ616.

2616666, 17616, 105.

261666, walt„ 372.

Demere, 0116616661116216, 122.

26116,2611,1111616 1111611666 16, 85,
3116166161 1163. 66, 135, 11636 66
135, 1666616, 35, 216 66, 303,
13636616105,11113.111.77111.(16

2666166661, 2113666, 162.

2611611161,2611.111. Rob. 66, 317.

2611116111, 26611616, Donum, 21166-
3611666, 169, Gilb. fil. 11611. 66, 74,
1116111. 81611166, 225, 261166, 163,
171, 17111. praepositus 66, 74.

266666, Joh. de, 164, Bab. 66, 57,
311, 263. de, 58.

26111166, 216, 14.

2611161166, J oh. 66, 343, 332.

2663166661, 77111. 16, 76, 256, 339.

266, 066616, 354.

2116661, Gilb., 94.

2161161166, 2311116666, 1116661116 6666,
235, Joh. 6666, 235, whom, 6666,
235 , will. 6616, 265.

2111616611, 7116111. 66, 65.

21166611. 86621161666611.

2163611616, Agnes uxor 3116611. 66, 76,
81111611 (1676.

21611163, 266166, 66 176611 yt,161‚ 131.

216116, 2611116, 303.

2166163666, 2166163666, «1611 66, 173,
8111161166, 259.

-866611,11611116. fil. 261). 66, 177.

2116116616, 2361166616, Agnes uxor
(16116611. 66, 139, (1611661166, 139 ,
266. 16 1666611 66 26163 66, 113.

2116166666, 2336166666,2116136,Α(1616
(16, 14, 116616 6161116661.66,1301,

 

