INDEX 01³¹ 88880188.

8531515, 85315115, 1111111551. 55, 19,
258, Ν1511. 55, 82.

853655, 853655, 8535655, 1111511551. 55,

8535 55, wait, 268.

85355515, 8511, 166.

85351515, 1115135115 55, 291.

8551165, Will., 132.

8551151515, 85551555, 81551515 55, 369,
855115. 55, 128, 855115. 61. 815.
55, 95 85585.

8551111561 11111525

8551555155, 0115515115 1111518113. (15,
415, ·3.Ηι1 55, 415.

855111135551, 81151( de 2855.

8551155, Will. 55, 808.

855515, 855115. 55, 216.

8555511515, 8555511515, 85555511, 55515
55, 231, 555111 fil. (355551555, 324,
Adam fil. Will. de, 139, cristiana
soror 5555, 231, 8111515 51515515
55, 231, Eudo de, 112, 127, 5151·-
35115 55151 5551, 231, 853. 55,
242, 211551, fil. 815. 55, 242 515, 259,
ΜΜΜΜΜ

8555115511. fil. 855115. 55, 48, Will.
5543.

8515115515, Joh. 8555, forestarius 55, 335,

85151, 853. fil. 853. 15, 210.

8511515, 8515151511, Η15115. 61. 815311.
55124, Joh capellanus de,124;
85551311.55,70,8511. 15 15155551,
55, 124, 11511. 55, 124.

851111 Aqua, 1155515115 uxor Joh. 55,
308, 3119;.15115555 6115 Joh 55, 308,
899, 5511. 55, 308, 309, 310, 81111115
ΜΜΜΜ,Μ

85115 115555, 11111151 55, 298, 302.

85115, 0555115515 5151 815., 45, Jo-
115555 uxor 815., 290, 302 515, J oh.,
28; 815., 45, 290, 302 bis.

8511505111 ,11555,303,’111ο111.55,163.

85115155, 5551, 350.

85151155, 8511555555, 8111111555, 82,
8155 55,157; 855115. 5151155555,
241, Joh. 55, 39.

8515511, Alex. 55, 293.

85555, 855, 117.

855535, 855515, 851511, 62, 129.

8511115155 15 8115555, 1551. 55, 96.

855153, 855153 (manley), Joh. de,

855113, 85551153 (85511335), 8535
85111, 9111511, 32.

855555, 8555555, 511515 6115 Joh. 55,
365,15115555 6115 Joh. de, 365,
ἷ311.,55, 3, 173, Joh. 55 81115, 293

433

855555, 85551555, Adam, 363, 393.

85511511, 855511511855511511, 55511155
13, 555111 61. praepositus 55, 32,
65111511. 55, 103, 3153551555 55 62,
815311. 55, 162.

8515, Ι18555153, 397.

8515311113, Η51155 55, 273.

8511515, 851). 55, 219, 221, Will. 55,

85111, 815., 113.

851153555, 851153555, 855115. 55,
173, 195, 217, 393, 394, 855115. 61.
855115. 55, 196, 196;.1511. 55, 393.

, 85115335, Joh. 55, 313.

85111151, J 511, 219.

Berneby, 815. 55, 211.

85155551, 511515 uxor 815. 55, 167,
206, 216, 220, 238, 255, 420, 421,
815. 55, 167, 206, 216, 220, 222, 288,
ΜΜΜΜΜ

85155555, walt. 55, 414.

851551, nob, 236.

8515115155, Will. 55, 313.

85155511, J oh. 55, 402.

85151151, 853. 15, 313.

851555, 211515. 55, 355.

8515111111, 8515111551, 8515515555,
ΑΜΜΜΜΜΜΜ,
515515 55, 272, 391, Gilb. 55 81155-
555, 47 , 851), 55 8551151, 390, 853,
4,7, 18, 35, 42, 49 n, 55, 139, 167,
218, 303, 333, 337 bit, 338 bis, 356,
357 bie, 373, 409, 853., 55 8551151,
55ΜΜΜΜΜΜ
853. 55 8151515, 37, 62, 177, 414,
853,3 5551853. ,35,

55151111555131551531,11135 55
24, 35 bis, 38, 61, 388, 412, 413,
15155115 uxor 8535515 (1,5 24, 35
51538, 412, 413, Joh. 55, 281,
Ν1511. 55, 312, 815. 61. 85551311.
55, 54, 851). portet 55, 356, 853.
fil. Badulph. de, 54, 410, 8511555
North, 362.

85511511, Joh. 55, 397.

Bothum, Radulph. 55, 267, 307, 851).

. 55, 267.

8511311115, Will., 396.

8551, 851). 55, 88.

855515, 855115, 202.

85331, 853. 55, 3, Γ11115111. fil. Γ1111551.
5115,

8535, Gilb. 55, 189.

85355511, ,1115111 55, 157 .

8151555555, 8511. 55, 137.

81355, 83355, Joh. 15, 216· ,853. 15,
0155111511565515.

81151153, 8311511535, 51155515 6115
Μ5111555, 357, Μ511555. 356, 357·

M*

 

