mnnx 03 masone.

366166, Adam, 274.

36661166, Hugo 66, 133.

3666611611 61. (166666. 66, 211.

3666666116, 3616666611, J oh. (16, 217,

3661666, 316. 66, 65, 66, 67.

36666, 36661611, 281.

Boyedford, 316. (16, 63.

366166, Elias, 397.

Boyvill, Bodil, 1111166, 306, 317, 330,
332, 373. 8636661116.

366666, 3666666, 6166. 16, 274, 361116,

3666616161, Joh. 66, 359, 392.

3661661666, Alex. de, 39, 826, 335,
36166666. 66, 251 ; Η66616. 66, 52,
16116683, Joh. 111 1611666 66,
240, J 611666 66, 251, 387, J 611666
uxor 3616616. (16, 199, 240, 417,
116666. 66, 74 516, 116161111166616.
(16, 357 , 11111 fil. 16116616 66, 240.

3666616, 36666611, Μ6111116 uxor Rog,
mfflme

3666666, Hugo, 314.

3666661616, 1161666. (16, 213.

3666166, 1161611666 uxor 36661616. 66,

’ 14, 366616116614.

366661, 366616, 128.

3661166166, Joh. 66, 102, 31666, 354.

36666666616666 fil. 11111. 66, 123.

36666616611111 66, 302, 303, Will.
61116661. 66, 189, 220.

Brund, Bronde, 3616, 126, 133 , 11111,

3666666166, 1411616 uxor 11611. 66, 138,
1161166138.

3666666, 61611. 16 messer 66, 127.

3666166166, J oh. 66, 242, 316, 369.

36661616, 361). 66, 265.

Β666,Η666, 164.

366666, 3666166, Adam 16, 110, 157,
Nich. 16, 106, 1161666. 16, 66 16
chanao, 104.

3661616613611666, Elias 66, 19, 31.

3666166661, 366. 66, 164.

3666166, Rob., 360, 392.

366616616611616. 6166166666, 105.

3666666616, 3661616 uxor Henrio,
364, 366616, 364, 393.

3666616661, 316. 66, 214.

366166, Joh. 16, 1346, 36661616. fil.
mmmmmmffl
Will. 16, 33 n, 102, 190.

3666666166, 366. 16, 267.

3616661616, Β666661661, 11111. 66, 312,

3613166661, Brigeham, J oh. 66, 308, 312,
116666. 66, 164, 11111. (16, 131.

3613616166, 116666. 66, 88.

35

3611666, Adam 66, 120.

3616366111116666. 66, 894.

3616166666, Prior de, 18, 36, 37, 47, 55,
165,167, 282, 333, 391 , 111611, Prior
de, 265 hir, 282, 283, 11111, Ρ6166
66, 264, 265, 283.

3666661166, 36666166, 11166. 16, 235,
Phil. 66, 328, 116661. 16, 235.

3661661616, 36616661666, 3661611616,
Adam. 66, 220, Hugo 66, 238, J 66-
6666. 66, 127, 11111 66, 8, 238 bis,
272, 388, 391, 316. 66, 238 , walt.
66128.

366161616666 uxor 1161666666,
420, 1166666. 66, 420.

3666661666, 3666666166, 36666166, 3666-
166, 1166. 66, 221, 01611166 fil. 11666666
66, 108, 0661616. 66, 123, 1166616
uxor 8666636666, 108, 1166616.
66, 6611 Novi 066161, 367, J oh. 66,
6, 28,131, 167, 395, 1161666. 66,

3661166661, Andreas 66, 325, Gilb.
61 Μ66111166 (16, 13, (111666666οεὶ-
tu· 66, 13, 11111. 61. Η6666 66, 38.

Broung, Rob, 235.

Brounyng, 11111, 184.

36661616, Phil. 66, 395.

3666661666, Agnes uxor 316, (16, 204,
366. 66, 204.

3661666166, (36666166), 363. fil. 1166.

6, 91.

3666, 11166, 365, 1111616, 260, Agnes,
112, 36616166 uxor 3611, 260, 116666
6616611111, 2, 11611.,(16 8166116666,
74 ; (61666611, 274, 161699, Joh. fil.
366, 99, 177, Patria. le, 164,
36661611. 16, 34, 66, 109, 366, 66
36666116, 61, 316,, 260, nob, 61,
260, Rob, de 866166, 273, Rob, (16
86611666, 8, 74, whom, 66 11666-
61661, 112, 11111, 2, 312, 11111, 66
3666666166, 125.

Β6666666, 11111, 263, 391.

36661616, 6166. 66, 274.

Brunrobin, 828.

Brunting, 16666, 274.

3666166, 1 oh. 66, hall. Novi 1166161367.

Β66666166, 378.

Brun, 366, 3666666 66, 372, 06166666
6666361666244,246,303,305,Ρ61-
rus 66, 217, 415, 361). 66, 244, 246,
303, 305, 361). 66, de 36116661, 314,

366663616616666, 32, 37, 116666,
6666366

Brymmescote, Rudulph. 66, 22.

3606666, 3611, 152,

366166, 316,, 221.

Μ2

 

