INDEX 01 PERSONS.

A

21125151512111511112151501 Will.
2015151155255.

2115111115, J 52511515 de, 365.

2255155, 152, 825, 211515 soror Joh,
25111115, 152. 05, 212.

211515 5151250, 349.

21151115 20515 05 28.

21553,12515,102.

21511551, Adam, 85115551 05, 118
ί1125151505, 105, 2511.05,32,1151150.
5,10

2151115512, 2155555, 21151555, Hu-
15100569, 152. 05209, 215. 01.
Gilb 05, 69, 2511. 01. 2511. 05, 68.

2351051155, 0055511. 05, 62, 1051111111 21511152, 21551112, 25551112, 2111115

uxor 0055511 05, 62.

Agw illum, 01111. 05, 372, 374.

22510, 2211, 22110,221,10 115515 05
285, 301, 15515 uxor yTbom. 05, 4,
412, ’1110111054 181, 412, 11511.
15 0255511515 05, 235.

225155 (Acten), 11555 05, 177, Ν152.
05, 66, 131, 215. 05, 220 115, 325.
Akum, 1151515 uxor Thom. de, 405,

1251505405.

Albin, 1555, 11115 51 011151 05, 187 5,
01115105, 187 n.

21115111, 215., 395.

Aldebururgh,Aldeburoh,Aldebir.,Rob.
05, 256, 258, 389, 11111. 01. 11511.
05343.

2105555525155, 2101525155, 0551115 uxor
Thom. 05, 157 ; Hugo 05, 242, 389,
Hugo 11121515, 173, Thom. 05,

1111111555, Ammon (1111151151),

Adam 15 51512 05, 266, Hugo 05,

21051055, 001551. 05, 125.

2105115512, 2511. 05, 212.

210511511221051151111, 20515 05, 37,
115 05, 94, 250. 05, 94.

Alamannia, 25111515 uxor 11511. 05,
270 , 11511. 05, 270, 271.

Alexander, 251 8551155, 1 11, 214, 852.

215515525155, 215515515525515525155,
20551 05, 22, 128, Hugo 01. 2015 05,
245, Thom. 01. Thom. 05, 245, 390.

Algi, 11111, 551.

21550, 11111, 130.

05, 39, 40, 138, 151, 269, 270, 391,
2055155151115105,105, 20551
111151551.Ι 15 555115 05 334, 2 15151
05, 5, 215. 05, 178, 2511. ’551151
55511105, 334, 255. Sutor or 8551
05, 338, 386,11511. abbas 05269,
1111101 81155505, 334.

215150, 11111, 05 bangol, 356, 335.

211155155111110515 2552, 326.

211115155, 21155155, 21155155, 211515
5151015551. 05320, 015351. 05,
320, Μ115 0562, 250555551155111
05, 373, 374, Wil'l. 05, 8, 29, 31, 379.

2555051051, 1105 05, 350.

2501151555, Thom. 05, 332.

Anqbege (ξ5521,25,55152. 01155 Hen-
115 5 8

255555, 10152, 05, 05 855115, 75.

2552111, 111511. 05, 109.

Ang 511511, 215515 h. 05, 397, 250. 01.
215. 05, 883, 25551511, 011115 215. 05,

255155255152515. 8551551551.

25155515, 252, 294.

115551ξῶ25502, 0551115 1115251115
5 311

21225151, 0551115,1 15, 1435, 11511. 15,
05 21151555 273. See 2511551515

215251, 250, 211· 8515 h. 15, 300.

2105, Hugo 05 11’8.

21511155215555215155511505054,
25, 68, 82, 128.

21255511111105261.

212111, 21211, 215., 88, 2511, 202,
81552, 896.

 

