mnnx 02¹ 88880178.

06, 221, Joh. 06, 211, ·860. 06, 162,
7711106178.

Carnifex ,lioginnld., 132.

061666161116, Carp 66161, Adam 16, 394,
396, Alex, 132· Agnes uxor Nioh
69, Agnos filia Nion, 70, Ag 666
1111618166 11. 16, 270, Rob., 132, 138,
396, Rog 16, 130, Simon, 294, 296,
816611. 16, 270, 77111, 163.

066161661161186106911.

06616160111661. 06, 273.

0661611610, 0611. 06, 390.

06616166, 'Joh. 06, 29.

06ἑ(1)16,111616. 06, 178, 419, Will. (16,

06161), Joh. 06, 221.

06166010, 0611. 06, 229.

06111616, 1 oh. 06, 302, 806.

061 1,1161166 Joh. 06, 216, 861106, 301.

0611,1ο6061611606,869.

06616336160606132.

0666661660, 611. 06, 216.

Onus, 0666, Κ666, 16661106, 199,
161). 06102, Margona 6116161106,
102 , 816. 06, 165.

061161, Rob. 16, 94.

0616, Joh. 06, 310.

0616666111, 860. 06, 394.

06161166, 1161106, 316.

06116, Aion„ 302.

0161610. 1 oh. 06, 80.

061166, Nion, 261.

cementarius, 16111, 129, Will. 01.
16111362,

06161116, Adam fil. 111611. 06, 926.

Chabennny, Will. 06, 864.

0116661, Rob., 396.

01610666166, 16666116 6116 8ος. 06,

011616661, 0116661, 7711116, 229, 390.

Chnmpyun, Chnumpium, 0116661661-
lium, Mnr 6116 uxor Rio. le, 229,
17611, 206. See 0616,)166.

0116,61616,0116,)616,6,1611.16,281,316,
17611. 16, 66, 236. 866 06,) 6116661.

Chnp ppo, 161), 339.

io. 16, 2292331111, 387 ;

W

Simon 111. Rob. (1616, 231, Will 06
16,,260 267 8660616616
Obnumpenoy 6, 1166116, 210.
01166661, Rob. 16, 11.
01166061, 1711110698.
0116611611, Will. 06, 127.
0116 ppewell, Alex. 06, 845.
Chorlbon, Mnyn. 06, 132.
0116666166 gero, Aungor. 16, 212.
0116661111, 81606, 268. .
01161161,16116,861161146.

· 01161666, 77611. 06, 57

Qſtrmffimffl.

01111166 ,Agnes 616181606294, 296,
61616161, 296.

01116 6616681606116.

0161111166, 17611. 111. Alox. 06, 39.

01616666161136616161 Rob. 06, 416, .

1161106416.
61661,1166.,116.
01661616,6,01661616.,11366606,48
Η66116. 06, 47, 111. 06, 48.
0166066,17111,8911,386.
016161066, Alicio uxor 7761061. 06, 24,

1166611106, 61.
016661661111, nob. 06, 342, 382.

· 0166111111, 01661111, margorias 6161

111616. 61, 111661. 06, 166, 01116106,
406, Bog. 0111116166 06, 317, 111616.
06137,326;’1“11616.111.’111616.06,166.

016111, 01611661, Adam, 129, 396,
3166, 19, 336, 898, Alicio uxor 1 ob,
140, 193, Andreas le, 269 , Barth,
132, 162, 294 , Dionisio uxor 861111,
167, 206, 207, 0111), 301· Honrio,
294, 1611, 83, 161066, 398, Ι661,
360· Μ61116.,834,111611., 398,
Ρ1111,31, 86816110, 346, 816. 16,
194, Rob'. 16, 130; Simon 16, 397, ·
1666.16,166;11611,1616616,
34· 77611. Onon, 367.

0161116, 0111), 281, 304.

Cley, Joh. 061, 302, Will. 06, 303.

0111610, clyfford, Dukob. 06, 273,
Joh. 06, 273, 816. 06, 328, 1161106,
66, 17, 28, 282, 800, 410, Rob. fll.
nob. de, 232, 17611. 06, 17, 28, 282,

01161166, Knrun, 01161 06,·611610, 410, Will. 06, 298.
06166610.06,140,169,176, 201239, 01116066,1)1,·16066,1611.0181166606,

mffimfflmwm m;m.n‚mwm.mm
mmmmmmm mmmmme

419, 426, 06766110. 111. Gwysonrd. 389, 390, 421, 423· 17111. 06, 192
06, 44, 64, 262, 426, Imbelln 11161 eliminando, 86161166 uxor Will. 06,
Gwyoilbrd. 06, 201, 202, 419, 426. ¹ 1953 Wil'l.de‚195.
011611166016116111616606127. 0160666066, 860. 06 4
01161166,116,,61 166161106269,77.611 0161,,861).,89 Ι
6161166606, 926, Will. 06, 26 0166660616, 11611106 uxor 111611. 06,
011661611616616116 uxor Rob. 0616,
nmwmmmmw

2153 Nioh. 06, 216.
l Cluding, Will., 817.

 

