Μ

688, 6888 ,618 68, 298, 999; nio. 68
18, 157, 290, 296, 994. 618. 6818,
1811188811881088181361

6886811, 681681). 688688, 681688,
Agnes 11118 will. 68, 45; 81811.
81811888 68, 86; 6811181. 68, 952;
6888886 (18, 952; 11181118 68, 45;
6888 68, 997, 986; Joh. 68, 15,
48; Joh. 61188 6181111 Alex. de,
904; 1111118186Ιὶ8 61111815.

11881816, 6888 68, 25.

6818, 618..68018181111811818 124.

688111, Petrus. 105.

68111111, 61888 (11815888),11881818
uxor Falconis 68, 99; 1111818. 68,
984. ,188 6818811.

6866811, Edon, 6888111188 1186818111
de,61; 181168, 59. 406, 422; Nich.
68, 35; 681168, 109.

6866118111, 1118111. (18.256.

1186188, 6868188, Adam 68,170;
Δᾶ81861111811111.68,155; 118811
68, 170, 6118861 1818161190

6861181111) 68, 66, I.) 81188118818181·
68, 93 ; 618. 111188 6111.(18,93; 681.
68, 10, 173, 220.

6868881888111818. 61188618816. 68,

6888, 68681811. 68, 157.

688 81881, Adam de 99.

6818886, 11888. 987. 6886888816.

1181181811, 6818188, Abu 68, 164,
1118111118, 296.

681188 6888 68 84.

6818, 68818, Dominus 68, 151;
9111168 uxor Domini 68, 151.

681888, 681818, 11811, 13488415.

68818118188, 618. 68, 414.

6811688181 (1186881811 1), 111881. 111.
618. 68, 987.

6811688188, ‚Iuliana uxor 681., 19.

68881881, 686111 11. 68, 223.

6811188. 6881881111168, 299118.

68888181, 1116111. will. (18, 327.

Hep 181, walt. 68, 119.

6888116188), 1118868 299, 906;
681). 11118868, 907.

68888888188,11811. (18, 141.

688, Milo. 294.

6881118661, 916, 976

6816818118, 6888 61188688. 68, 110;
91886 61. 688 ,,68 110.

6886118688, 681). 61, 11111. 68, 389.

6886881881, 6868818818, 111818. 61.
618816 68, 979.

68181816, 6881886, 6811881666818
68, 41; Agnes uxor 618. filii 618.
68, 22; 611818 uxor 618. 111. 618. 68,
QQQQQQQ

umnx 01³ 26690119.

111861. 618. 68, 28, 412; 11811. 68
178, 218, 992; 11811. 68. (181181818-
188188 018181 'Novi 088181, 960.

6888811111, 89.

6811881811, 995.

688188, 688888, 6811118, 6181118,
6888188, Adam, 24, 92, 95118, 98,
412, 413; 6811888881· Gilb, 291,
429; Gilb, 258, 291; Joh., 293,
926ς Margaia 1188811111, 289;
11861118 uxor Ado, 24, 95118, 38,
412, 419; 681., 904 51η 11111..

68181188, 6881888, 6181888, 6818-
1888, 1181188 8181111811. 68, 48, 168;
111811. 68, 43, 168; 181. 68, 179,
136, 234· 11111. 68, 294.

68118, 61818 68 Pam, 942, 982;
11888 (18,4,;128 1811. 68, 88225,
229, 230, 242, 258, 351, 389; 1811.
611811. 68, 291, 242, 256, 998,
68188818 uxor 1111. de, 228, 290,
258, 423, 618. 1118888168 Pam,

688188, 6888 68, 25.

6881881811, 181118, 22.

6888618, 681868, 11111.,131,997.

68818181, 9118181168, 999.

688181886, 681. (18, 219.

6811881881, Simon 68, 296.

68811888, 688. 68, 928.

6811888188, 6888881811, 6881881188
(6886881881116818111188 111886. 68,
45, 407; 6881868, 220; 18668,
mmmmmmmm
258, 280, 989, 891, 997; 181. filius
681. 68, 125; Patrio. 68, 104; 681.
68,100,109,128; 61818. 68,280;
111881. 61188 Joh. 68, 2971 wald. 68,
946, 989; Will. 1818168, 946, 989.

68881116, 6118868, 64.

68881818, 68881τί88, 68811818, 6881118,
111811. de, 239, 387 ; will. (18, 2, 300,

68811, 9181811, 369, 892.

6888818811111. 68179.

688881168818816. fil. 68111816. 68,

6111111118. 1188818 169, 294, 995.

6811881, 681881 (118811 811), 081811-
8118 6118 6181868, 11; 88868. 11;
681. 61. (1118111. 68, 11; 681). 61.
68681811.68,107; 918181168987.
’111881 188181· cristianae 68,11;
walt. 18181· 68, 9148 will. 61181
68681861 68, 107, 926, 979.

68188, 681188, 688188, 6181811188.
68, 261; Gregorius 611118 1168 68,

915, 375; 61188 68, 104; 6888 68

 

