440 1116111 or 1660616.

Simon. 00, 65 bio, 1806, 409, 00,126,1ο11.161111106100,127
whom. 00, 164116, 179, 180, 208, 0611106 uxor 11616011 or 1169166101
ι 666, ’111661 01. Simon. 00, 160, 06, 244, 601111, 600, 690, 111011. 01

1111100644. 1161601106, 246.
061),1“11616.06,601. 01161111,016.,162.
Dofiiioff {baffia uxor 11161100, 422, 011166166, J01'1. 06, 62.
ιο . 0, .
0601119166, 06016166, 101101. 01160 00,
161, 711016. 01. 11111 00, 616, 676, 0
’ 11611. 06, 206.
06161, 11111, 00 Ρ160011010, 105. 0161606606, Ascbiopisoopus, 102, 161,
06901, 11111,οο 1160611610, 106. 612, 668161,11.61· 11011. 01611166,
me. mmmm
0611161611, 264, 299, 060, 99. 0161666, 0161610. 00, 614, 976, Gilb.
0616160161, 0166. 01. 111661, 266. 06, 666, nugo 00, 686, Magister
06161, 016. 01. 0166. 06, 688. Hospitalis 8666110101. 06, 297, 602,
0611610, 0611061610, 06161610, 00616 Moyses janitor 6601611100, 64.
06, 8, 40, 67, 262, 286 bio, 691, 426, 1161101191, 06111191, 111016. 06, 179,
424, 00661 fil. 00. 06, 144, Ingrom Will. 00, 204, 397.
00, 67111, 11611106 111611111100, 00069111). 06,80, 11010060.
262, 286, 424, Phil. 06, 286, 016. 00661161111616. 00, 689.
06, 8, 40286, 0611. 06, 67, 146, 144, 0011691661, 006116 hom, 00661 00,
146, 279, 628, 691, 81160606, 144, 169, Agnos 0116 161. 01. 0101. 06,
wilt. 00, 72, Will. 06, 40, 41, 221, 266, 0166. 01. 0101. 06, 266, 0106.
262, 286, 691, 424, Will. 01. In· sorbetur. 00, 119, 01160111. 116610 00,
goram. 06, 926, 679. 120 , (1111101. J oh. fil. Joh. 06, 168,
016901, 816911.,36. Honric. 01. 06916610. 00, 126,
01069, 11111.,629, 680. 160106 06, 179, Joh. 011611. 00,
01169, 016 uxor 161116, 26. 168, 1011111. Vicat. 00, 120, Joh.
0600010006, 0110666 fil. 0166. 06, 321. 01. Will. 06, 159, 016. fil. J 611. iil.
0110οο6, Adam 06, 212. Joh. 06, 168, 016. 01. 111616. 00,
069166,96,,1666,0669166,01166 uxor 159;1166.06,396; 11611. 00, 166,
0161111610. 00, 46, 67, 407,016111-166,166, 179, 604, 11111. 00, 690 ,
bold or 0161101660 06,46 4667, 407, Wiil 16 11100 06 626, 678.
0666166616 6161 Will. do, 147 216, 00161160. 116161 06,, 16, 626, 626, 627.
11111. 06, 16, 116,147,1,61 216, 00666006616,16660116616181616606,
11111.01.11111.06,’16. 600, Sampson. 00, 694, Simon 00,
611911611616. 6οοῖ
01661100, 06611110, Adam, 76, 016 00161066, Dominus (fil. 1161. 00911),
1116100676, J oh. 00, 76. 147.
066661, 00661 00, 162, Patrio. 0611 00116111, J oh. 06, 660, 692.
61, 7 u. Edwyn‚ οος, 67.
01160116.,0116116161.,09606610116111 1199006111, 0916661110, 0991666161
00, 62, 0616161166, 81, Hugo 06, (11199611Ι 6711161ςο66 6101 110600-
659, Μ611106 uxor Hug. 06, 669. gor. 06, 241, 269, 001). 00, 164, 220.
0660160661, Dunholmonsis, 016, 1133166166, 01116000, 26.
Episcopus, 14, 35, 81, 92, 104, 126, 09111111,1611.06,186.
196, 612, 616, 626, 648, 666, 666 ter, 0 glinghom‚Egolyngham‚thoiingham‚
665, 368, Hugo 00 0116109666 016616016161100,260, Gilb. 06,
pus, 964, 061). Episcopus, 201, 632, 260 , 1011.11].(1111.06,260, Joh.
636, 686, 1161110910669110, 10, 64 10 96616106, 118,Ι166311600116.1ο11.
bis, 59; Prior, 81, 102, 655, 604, 885. 06260, Rob. 06, 260, 1961111116
06666169, Nich. 06, 669. Joh. 06, 260, Will. 00, 260.
01161160, J ob, 109. Egolyn‚ Will., 610.
Dioclem, 116116, 84. 11161160, 01161160, 00161160. 06, 182,
0666163166066163166(0166169106), (11111.111.111061.06,97,16110088,
Adam iil. 1101606, 97, 016. 010611. 01611.111.111611.06,97,01600102.
00,97;0611.00,666,692,11111.06,48. 0101610, 011616 filia 116616 06, 116,
01166166,06660166,0066111624,110 0611.01.066.06,116,Η1110 iil.

 

