lmx 017 7111180111.

1163.66,50,156, Simon 66, 164,
1711166156.

8661, (1611. 16, 380, Joh. le, 392, 1163.
16, 384, 11611. 16, 281.

8661,11611.,162.

8611661, Η66116. 66, 340.

86616, 06611666 11116 Adae, 280.

8661666, 066116666116 6616, 300.

8661661166, 1161166390.

86611666, 8666166116, Adam 66 177,
178;111366611116Α66166277, 188,
219, Gru 16116 66, 177;1166.
66178, 1116116, 20, 323,

· 326, 378;1166. 66, 177, 1163. 66,

4371177, 1711166178.

86666, 866611 1163ο,162,1111611.,1
162,711661.,162.

ΜΜΜΜΜΜΜ.

86611666, 86611616, 8166111616, Joh.
ΜΜΜΜΜΜΜΜ,
371, walt. 66, 52, 137 bis, 255,
ΜΜΜΜΜΜΜΜ
ΜΜΜΜΜΜΜ
ΜΜΜ

861666616, 8666116166, 11166. 66, 237,
346, 387, 0611166611. 66, 17,11611.
Qmffimmmwz
ΜΜΜΜΜΜΜ
ΜΜΜΜΜΜΜ
379, 77111. 66, 373, 379, Will. fil.
ΜΜΜΜ

—-· 17661, 1116. fil. 61611. 66, 288.

86161666, 8616661666, Adam 111.
Adae 66, 112, Ν1611. 66326, 77111.
ΜΜΜ

8661161, walt„ 169.

8666, 8616, 8636 16, 395, Ν1611.,
394, Rob. le, 395.

86666163, 1116. 66, 47.

8666166, Ν1611. 66, 117,

mmmmm

' Syde, Matillis 6611691.

8666113166, 111666, 221.

86666161, 11666166, 87.

7

7666161, Petrus 16, 326, 379.

76336, 711616, 100.

mmmmm

761166, 711616, 219.

766661, 76661, Jacob. le, 294, J 611.
16, 211, Will. le, 129.

7616661616, 711616, 133.

7116161, J oh. 16, 317.

76166666, Will., 23.

761616, 711661, 393.

766161, 7611161, 111666 uxor Gilb. 16, 66

468

1166661616, 212, 1611. 16, 162, 397,
Rob- 16, 131, 340, 711616. 16, 146,
1161113696, 111111. 16, 131, 218,
361, 392, 397

76161 uret. 866 71661 or.

76161, 36616, 281.

766616166666, Ν1611., 66 Κ111166, 190.

76116, 866161 uxor Patrio„ 113,
1161116, 113.

7661661666. 1516676616.

761161,1166.,130, 7616166,72,17111.,

7116161111711163109.

71166166, 1116, 413.

71111611,7111166, 71111611611116666,
350, 369, 379'; Joh. 66, 359, 309,
370, 379,1116. 111 17111 66, 120,
1711166, 379.

71616663166, 7616663166, 7616663-
166, 711616663166, 1111616 filia
Amioiae 66,88,11611616 66, 88,
11666161. fll. 6116666666, 1161).
1111111666103,150,153,711616.16
16661166, 154, Will. de, 229

711616113111166616100.

71161616, 711661, 66 11666 Castro, 62.

7116166166, 1111666166, 76166166,
1111666 66, 211, 11166. 16 616666166,
179, 1166. molendinat. 66, 105,
77111111. Η6666. 66, 10.

716166361166, 7661636666, 71166-
31661166, Adam 66, 199, 221, Joh.
de, 356, 385, 1166. 66, 255, 1116. 66,

7661661666, 1116. fil. 71616693.

7116166166,.161. fil. 17611. 66, 346 ,1611Ι
parson. 66616616 66, 215 , 1116. 66, 164.

7116166, Η6666. 66, 213, 1116. 66, 14.

71161616, Bruma, 394.

711616. Adam 66, 131 , (1611. 66, 300.

71616166, Will. fil. 1161361116 66, 228,

7116116666, Adam 66, 164.

7111661166, 71616666, 7161616666,
716116166, 7116161666, Agnes uxor
Alex. 1616116 66, 280, Alex. 16
1661666, 280,Ι166666614,62,1166.
66,29,34,52,,,82182208; 1163111.
1116166634,7711111116113611166,
34,171611616.06661161666129,34,
85, 128, 245, 280, 390.

7111661166, 716116176116166, Η66.111.
161611. 66103, 1166. 66, 150.

'Phurkelby‚ 76116166, 11611616 66, 44 6,
1163. 66, 1, 68, 401, 77611. 66, 44, 64.

7116666611, Μ66611166 66, 84.

7161616616, 7161666616, 7661666666,
Agnes uxor 1166. 66, 155, 1166. 66,
52, 155, 174 , 17111. 66, 224.

 

