4ae

0101001010, 0111110101 (0191011114), An-
11000 10, 864, 393, Jordan. 10, 114.

0011110101ιο, 11111. 10, 418.

Cobyn, Agnae uxor Will.‚ 197, 11111,
10 Dalion, 197.

Coeus, Arnulph„ 812, 1110111, 133,
Will.‚ 128, 819, 330. See 1100.

00100ογ, 1101, 345.

0011, 11011, 802.

00101011, Joh. de, 413.

Colles, Will.‚ 104.

0011101111, Adam, 816.

0010, 1011, 10 1101101, 382.

00100100,Μο1.,121;11111.,78,319,877.

00101, hob„ 318.

00100011, 0001110 10, 101, 201010 10,
104, 1080100101( 10, 105, 1111111110
10, 104, 1100101111. 10010110, 95,
llic. 10, 2, 11011. 10. 2, 11111. 10, 2,
21,281ι’1,11111.111.1101.10,3.

001100, Ν1011, 816.

0011, 01111, 96.

001111010111010, 46, Η111ζο,46,11011.,
46, 1111140111.

Colveley, Will. de, 66.

0011111, 1101001ἰο 0101 Ρο1110. 10, 17 2 :
Ρο1110. 10, 172, 11111. 10, 268, 326,

001001, 1110101011, 60.

0010010110, Adam 111. Gilb. 10, 297,
11011110 0101 01011, 297 .

0010,0,0001111,1011, 75111, 296 , 11111.
10, 170, 292,11111., 10 Κ1111011111,
245, 326, 379, 391, 11111. son ol
11011130.

00000, 0110110011 10, 621, 378.

0000101010ήί, Will. 0011110398.

0011101, 10110000 0101 1111010, 1711, 23,
10110000 0101 111111,17; Margarita

⁴ uxor 111011, 138, 149, 168,159,161,

mmmfflmmffim
Qfflmmmmffim
17 n; 11011, 17 hie, 176.

Corbridge, Corbrugge, 0011111110, 001-
remig, Alan. 10, junior, 172, 173,
11100. fil. 1101110110, 340, Hugo 10,
262, 1111110111 1111011100. 111. 1101-
110110, 840, 1110. fil. Petri de, 303,
1110,111.11011,10,164;110 .fil. 11010110
(10, 165, Susanna 0101 011111. 10, 28,
111001. 10, 399.

0011, J oh„ 349.

0010, aad, de, 311.

0010010, Ηο0110, 268 111.

cornay, Adam de, 267.

0010011000, 810011. fil. Steph. 10, 90.

00100011, Hugo de, 12, Joh. ill. Hug.
10, 12.

0010110100, 1110. 10, 12, 396, 402.

mmlx OF masone.

coroner, 1301000101, 8001111 10, (10
&imbui-gh, 7111, natrix uxor
Will.‚ 60, 11111.,60, 7111, 286, 330
111,11111. 111, 286. Soomahurgh.

00100110, Will. 10, 399.

0011000110, 000111, 111011, 14, 102,
fflffifflmffimm

Cospatry1‚ 111010. 10, 139.

001, 14101, 114.

0010, 14100. 101, 347, 384 lis.

00111110, 1 oh. 10, 805.

00100000, 00100οο, 1100110. 10, 263,

001010, 001110, 1111101011. 10, 249, 262,
ΜΜΜΜ

000100100001100100,13000177188,

0000110111, 0000111001, 1111100 0101
11111. 10, 1, 11, 18, 403, 1111010
0101 11011. 10, 316, 376, ,411010 uxor
Sampson. 10,229,1)1111. de, 229,
232, 234, 235, 236, 387, 1100110.
8010010, 229,1011. 10, 232, 387,
1011111. 0001000110 10, 816, 111011.
10, 320, 11011. 10, 232, 387, 11011. fil.
Samson. 10, 232, Sampson 10, 1, 2,
229, 284, 236, Sampson. fil. Samp-
son. de, 61,8111100 fil 110111. 10,
1οἮΜῌο0οῌ0
878, 403, 11111. hl. 11011, 10, 229,

0001111111, (111110 10, 305. See 0010101.

0010111010, Adam de, 396.

001100, 11100, 79.

Coy, Utting„ 120.

0010010, 00110011. 00010101, 111010
10, 216, 1111100101 11011. 10, 19,
1011000 01010111). de, 25, 35, llic.
10, 259, 389, llic. 1110111110, 25,
174, 218, 11011. fil. Gilb. 10, 174,
1101. 10, 225, 351, 355, 356, 385,

0100101011,Μο130110 uxor Will. 10,

Crammlyngion, Joh. 10, 182.

01000001110,1011. 10, 276.

0100011011, 1 oh. 10, 72.

0101000, Ηο0110. 10, 213,11111.10,

0101000010, Alina de, 235.

0101100011, 0100000011 (Crustu), Joh.
0, 24, 181.

010110, (11111, 125.

01000100, 0100100, 01000100, Gall.
fil. Ρ1111.10, 261, 1101001010 filia
Phil. de, 261, Nich. fil. Phil. 10,
224, Ρ1111. 10, 171, 184, 193, 220,
mmmmmmffi
fil. Phil. 10, 261.

 

