452

mm 02 meone.

11113150111111311011 (5111111111), 111111 ι 1ae 111311111111111111110111011, 95,

51, 108, 111151, 84, Simon. 51, 127. ·

1111131133.. 7110111. 51, 27 4.

lauant-huwe, 11511111 fll. 1111111361, Ι Ham mor whom de 6 Ἃ 140.
131ω3ή5ώ33

111ῗῖ111111, nugo de, 397.
1111011111, Ince-les, 411111. de, 138, 215,

221, 243511, 255, 266, 325, 390; ·

(1110111151 214;11151111111011411111,
51, 215, 221· ,5011 de. 214, 11111. 51,·
212, 218, nic. 51, 214.
1211111111,11’ί11. le, 115, 325, 356, 385.
1111111111, 8111151, 164.
11111111 1011, 111111. 51, 309
1111131110. 111 11, 47, Will. (10111, 331
47.
1111111, 5011, 74.
1111111115, 11111, 132.
Inye, 210 511393.
11,,11113,11011.,347.
11111111,Ρι·10151218.
1115111111,111111111111,11111.11,86,
105.

11111211ῗὲ, 1111111101,0; cristiana
uxor 1103. 51 11, 140, 1111516,

QmQffim
11111101, 11011, 67.
1511151111,1111111111·11,111111.51,289, 305,
395, Η111110.51, 326, Ni,ch. 120,

1 121, 317, 376, Δ11011. fil. Andn de,

318, ΤΙ10111.61.1151151256, will.

1 5181, 109.

’1111100101111113051 360,’1110111.111,
212; 1111153162.

1111514111 11,·115111,,111111111, 215,
2011.51,11111.11011 011111, 357, 394
bis, 399; 11111 de, 117, 309, 310.

111011, 1411011 uxor 17111, 321, 378.

1110110111, 1110111151, Lyppewode, Hugo
de, 22, 'Phom de, 86, 1110111. fil.
1511151 51, 86, 105, 1110111. fil.

11011ωω11ω

1111011, 55111151,216,21111111 11101Ι 11111. fil. 11115. 51, 86.

11111111

11131 111111. le, 311.

1113111, Phil. 5011, 131.

11111, 1103. 51, 164.

111111113510011. 1111111113, 366.

111111111111, will. 51, 128.

laomedon, Ι111111111011,1111111111111 51,
55 , 1111111111 50, 323 , 1111311111 filia
1151151, 55, Patrio. de, 379.

1111111001, 60011. 51, 4141

1111011011, Henric. de, 210, 111-
1111111 51, 210.

11113110. 10, 63.

1111111111· (51151113111111. fll. 201) de,

1111111110111. (111, 166.

betchor, 1110011111, 11011111, 3011, 135,
190, 195, will„ 195.

1111111111, 5011. 51110, 1111110110
31111111, 110.

lever, Gregorius, 315.

1011111111, 11011, 292.

1101111011, 8111101151, 211.

Ι11111131011,Ι11111111011, 2110111111 filia
215111, 13411, Ρ11. 51, 326.

1111111, 1111311111 uxor will. de, 230,
Will. 51, 230.

11111111, 11111111, 11111110, 162 bie, 394
bis.

1111113101, 1101303101, 1111101011,
13332333311;
11111. 111111 1101151, 101.

1101111111, Ι11111111111,1111011. 51309,
1110. 51, 364, 393.

111111111101111111, 106.

1111111, (1111),,344.

1511111111, 11111111, 414.

11111113111111, 1361113113111, 21111111-
3111111, 5011. de. 152, 190, 312, 336,
351, 352, 368.

1111111511, (11111. de, 389.

1100 9111311111011, 396.

ΜΜΜΜΜΜΜΜ

11011, 203, 360.

10115011110115111, 111130 51, 162285,
292, 293, 305, 399.

1101515111, 1010115111, 25111151, 264,
cristiana 111, 337, 380, 11110111. 51,

1011311113, 0111. 11, 235, Η111110,
313, Η113010, 319, 377· 1111111, 11
1111151 11 0110111 114, Patr. le, 347,
210,151, 1101111, 7,100, 115311,
79,611110111128,3111011112111.
le, 347, Τ110111.,165, 11111. le, 47, 75

1101111111, 1131111 uxor Patr. 111, 11,
Patr 50,11.

1101111111211111051,132,146,Μ11·11
uxor 1111111010, 146, 205. 11, 159.

Ι1111111,11011111·,111111,314,375.

1101111111,Ι1111111,1111,011111111111101
1111151, 64,,404 211151,,,6364
404, 11111. 111, 68.

1011111111,210.111,354.

11011513,11111151,·,203., 223, 261,
266, 277, 278, 304, 420.

1101150111, 1101511111, 21111. 51, 365,
111101111012011, 173· 2111, 173.

Ι1ο101,1111011,215.

 

