m

8008110101,11011091110110,11,7599,
mmmmmm;'mm
1151ιῖ911309, 1101108011 ,,11008013 38,
ΝΞιΞξΤω, 80080100, 99, 94599, 956,

Nonum, Ncwcnbm, 81008001, 9, 98,
112, 170, 849, 403.

- ’10110 8100190, 245.

11011100 ,Νο0100, 107, 124, 298, 251,
299, 914, 327, 997, 975.

-001101 Moram m· 90 180 11010,
mmm

Norbam, 209.

Νο1180011119011, 214.

Νο118060101016, 268.

89118008011006, 1101180108ιί0, 99011-
10100, 1, 81, 387; 1101111001 parte
aquilonari 60, 1313 110111ιο 01110110
00011011 60, 84, 128; 0111009101,
936, 941, 981; North 0010168,
106, 89018 091101, 68, 128, Pars
0001110100 01110 09110199718010
comitatus 01 parte borcali ultra
00101 1995; 0111009101, 929.

1191180010 (1101901 ),83.

1190101 811911 91 40,

Νο11018010,11911111’,9010110101,76,

Nov' 00010 cuper 710001,1,49,5199,
63, 65, 67, 79, 8299, 83, 84, 9199,
9651098911, 101, 102, 10899 1,(18,
mmmmmmmm
284, 294, 296, 600, 606, 616, 322,
mmmmmffim
959 ter, 364, 965, 367, 969, 371, 974,
404; Burgus 60, 79, 81, 129, 209,
294, 99299, 399, 394,’ 399; cistella
0100111010 dc, 72, 80, 360; Ecclesia
8.,80610060 360; 8001011108. 8018’
60, 961· Ecclesia 11011010 minorum,
84; 800100108..Ιο0911’69,80;
Ecclesia 8. Joh’ 80111’1,60 9ος
1100100108. 801191160100016079,
361, 962, Ecclesia 81811108 60, 316,
359, 360 99 364; 1100100108. 'fhom’
001ι,’011190101060 80; Ρ90160, 103;
Ρ110000 60, 361, 362· 801100011οι0

gc, ³527„ 335, Vicus 60 8010111010
0,

Ο

0110018010080, pons 60, 369.
0100010001101, 422.
010100Ιο000069, 422.
001010801190 (Eut 0901190), 228.

num 011 8114018.

0101111οι, nomm, 97, 9847, 998.
0110111001, 78, 281.
01101100, 76,90

Ρ

181Ιο0190, 8011001911, 8111100, 10, 59,
mmmm

mmwssmm

Pikcden (Mydon), 52, 97, 58, 96.

Ponte, 0000 60186.

89010806, 49, 414.

Ρ9118010, 241.

Ρ100600101, 917, 376.

Ρ10000100, Ρ1001100, 51,107, 115, 319,

8100161110, 8100061110, 277, 278.

11991, 111, 1οι; 1011000ος000,

8100101011, 937.

Ρ10680110, Ριο6800, 99, 372; baronis
60, 356.

0

Quaquandcbrigg’, 359 n.
0000190 (Ketaion), 5.
0010111101, 0111010101, 21, 199.

8

8010019110, 155.

8060001894.

1196006010, 44, 3521 libertatis, 369,
80600060, 80600996, 2, 403.
80010160, 1190000 60, 338.

8001011911, 8101111190, 113 99, 114.
800890, 205.

1100101100, 232.

8111140190, 8118011900, 19, 92177,

Rodum, 918, 377.

8011, 113, 979

8918011011 ,118908Η80018811 73, 75,
131, 143, 146, 247, 248 99, 333, 381,
397;11οο90060,93399; 0901001060,
74, 76, 333, 1910010 60 95.

8011100011, 49.

8918101, Rcthlcg, 806101, 44, 48, 95,

8011, gurges, 355.

1100900110, 93, 171, 184.

80080110, 267.

809060008010, 114.

 

