450 14441 41

1141141144, 1111141411. 1111111144144,Ι
1114411114 44 43, will. 4443

Η411,3411.4414,128.

Η411114, 11111 44,115.

Hulmers, 1114. 44, 221.

Humi, (1111). 44 Bo y,mor 125.

Η4441444411, Η4444111114411, 3411.
(114, 156, 343, '11gas1a 41413411 44,

Η11114143444414,11411.44,134. -

114414144141),Η41)141444141)4, Η4414-
44141), 411414 4114111411. 44, 138,
149, 158, 161, 202, 1141141111 uxor
Wssfflfflmme
QOQmmmmm
ffiQOffimQffl
meffl

Η441414, 11111, (14 1141141414, 61.

Ηιὲ41414444144, Adam 44, 86, 11411.
4, 86.

Η44141441444, 1114. 44, 24, walt. 111.
11144424.

Η4111114144441, 1114. 44, 47.

Η11141, 11144, 346,

Η411441, 11111, 363.

1141441441, 1141). sutor de, 348.

Hyde, 1111114121.

Η444414, 11411. 44, 13, 11411, 4411441,

Hylderthorp, Thom. de, 52.

Hylle, Adam 441, 397.

11144, Jordan 1111114 1141). 44, 111.

Hynterles, 11441444, 21, 11411. 44, 21.

Hyring. SeeHering.

1

Ialghyll, 1114111. 44, 303.

11444, J oh. 44, 357 , 11111. 111. 3 oh. 44,

Ι1441144, 11441144, 1111441144, Hyl-
4411411, Adam 'Art 11141 44, 318,
Η411114.(14,28911”4,319,11141444,
47, 48, 62, 66,123, 128, 1111411.
14144141. 44, 123.

14411414,Η44114.44,19,341141144
41141114. 44,302,114. 44, 302.
14,-14414144, 14411448111431144,
Dynghow, 34114444 uxor Rog. 44,
157, 302,1114. fil. Simon de, 342,
meQOmffiQ
369, 370, Will. de, 363, 373, 319,

Ιῃέἷέη, ἳέῐέςετιιω, 11441444 uxor

441, .

Insula, Hugo 44, 191, 3411. (14, 224,
294, 295, 310, 392, 0144141 44,
191 , 0144111144, ’42 n, Petrus de,

PERSONS.

34, 1141). 44, 19, 25, 31, 34, 142,
183, 190, 192, 193, 219, 220411, 224,
245, 238, 263, 391, ’111414 44157,
1111144119180. 414114.
114144, ’111414 44, 323.
1114441114444, Alex 44,314,1141).
de, 301 424114.
Iry s, Gilb. 14, 267.
11414441,14414411411411441,11144,
341, 381, Hugo, 104.

J

Jagge‚ 8141411, 123.

341414, 1144414141 44, 205, 814411.
44, 165,181‚ 183, 202, 205, 419.

34444144, (14444144 (34114443), Adam
&mmmmwm
Rog. 44, 67.

344444, See 34141114.

3 441, 11144, 7 5,

’ 3411411441,1141,34.

Jolifray, 11111, 350.

3411414, 11111, 305

34114111, 1141114114 44, 268, 303.

344441446111). 44, 127.

Jordan, 1141), 227, 241, 388.

3 414441, Μ411414 uxor, 69.

3 orgo, 11111, 303.

3444, J 414, 3 oh, 179, 1141), 123.

311144, 11111. (14, 356.

3 41414, 3 oh. 14, 314.

amenis, Jeuene, Margaria le, 65,
1114, 130, 11111. 14, 65.

K

Kaberg, 111411. 44, 405.

1144411144, 1114, 396.

1111444144, Adam de, 314.

Kanongate, Admus 04, 390.

Κ441, 11111, 162.

Κ4111414. (3446411414.

1141144144, 3411. 44, 74.

1141114441414144411. Simon. 44,

1111114414, 1111111414, 11411, 14441444,
394, 111411. (14, 905 ; 1144114411, 162,
Hugo de, 1411 Novi 044111, 307, 394
314, Ivo 44, 299, Prior 44, 304, 357,
364, Bab. de, 364, 1101). 111. 11411.
ἀωΜΜΜΜΜΜ
mmmmmmffl
394, 111414. 44, Major Novi 044111,
367, 393 ; 111414. 111. 111414. 44, 393 ς
111414. 44, junior, 162, Will. 44,

 

