lmx 01³ mom.

J

1555555515, 292.

1555551555, 144.

15555555, (15555155 (15555555), 26, 97;
capella 55, 368; 1555555, 101.

Κ

11551555551555, 292.

Κ55155555, 25, 52, 58, 59, 00, 07.

11555555, 12. ,

Κ55155, Κ15155, 1155155, 0555155, 5,
5555555.

1155555555, 357.

xmfflmmmmm

Killingworth‚ Kyllingworbh‚ 193, 194,
258 515, 423.

1115555155, 111.

1115155551, 342, 382, 403.

1115151555, 337, 338.

1115155555, gurges, 355.

Kyrkostyghele, 402.

Ia

Imnbeleye, 84, 208.

1555551551555551515, ln, 216.

15535555, langeton (155555), 1, 84,

1558555555, 422.

1555355551, 99.

langley, 155551555155551, 6, 24,
&mmmmmffi

1515555155, 1515551555, 15555155
mmmffimmmm

155’ (Lym), 78.

15555158, 151.

1555555531551551511555555), 114, 317,

1555555 1755555555, 160.

1555515555 (1555515151 1), 17.

1555555515(1555515511), 107, 115, 126,
mmmmm

Iseyoestria, 150, 199, 200, 206, 207 bie,

ffmmfflmmm
55, 6.

1515555, 155555, 261, 410.

ὦωωωωψῂ5
mfflww

15555155, Comitatus, 78.

15515555, boseus 55, 333.

1555551555, 211 bis, 212 515, 216 515.

1555551511 (15515151),315.

1555555155, 187.

473

155151515551, 7,18, 128, 148, 318»
151511515555, Isuk’, 9, 4, 9, 39, 122,
hffim

1515555, 95.

1555555555, 205.

Lynmu' (1155555115), 316.

15555555, 165.

Lyth', 266.

11

11535515, 154.
1115155155, 337.

115551515, 405.

1151155, 1151551555, 19 n, 1025, 186,
187, 224, 11551, 185, 188, 354, 404.

1151555, 1111555, 10, 11, 20, 337.

115555155, 1155555155, 337, 338, 409.

1155155, 5555515 55, 356.

1115515155, 1115551155, 62, 111, 123,
128, 194, 204, 411, 418 ; <apella 55,
336, North, 1115127, 819 515, 377;
85515, 93, 114, 318, 3771 1555155, .

Mikkeleg' (11155144), 90.

11115555, 1111155555, 1151155555, 5,
306, 414; 1155555, 369, 371 ; Ν5515,
IQMAEQQW;
055555 51 85515, 422.

111555551, 1111555555, 107, 126, 374.

11111555, 11151555, 78, 79, 96, 129, 386,
337155, 338, 386, 398; 5555511555,
357 ; 55515515 55, 78, 338; 15551555,
98; 5551555 55, 337 ; 5555 55, 3375
555115 51, 410.

115155155 (Molem), 96.

Moneylaws, 11555155511551555, 17,
107, 110, 126, 313, 374.

1155151, 402.

11555515, Μ55155515, 78 515, 101, 129,
mmfflfflmmm
385, 386, 398.

mmm

Morwiok, 1155551515, 848, 384

1115155155, 335 bis.

1155551151 (11155555), 313.

Ν

115155155, Navem, 102 n, 187, 354.

Ν51555155, 5155555155, 157, 290.

Ν555511, 115555111555551155555, 55,
ffiffiQOmmm
242, 401 bis, 408.

11555551 (Nervam), 49.

11

 

