1511111161 PLACES.

Α

5555151511, 1711551511, 515515151511,
mmm

Acklington‚ Aklinton, 97, 98.

1151151115, 15, 160.

55555115, 96 511.

Α11515,111111’, 111111, 110, 116.

4155551155, 51551155 (2551111511 1)
266, 277 511, 278, 279.

1115555511, 358.

1111151151, 245.

11155, aqua de, 209, 317.

11155551,118.

51555515, 1115511155, 1111511155, 27,
42, 68, 69 ter, 132, 209, 310, 397.
1111551511, 51555111, 1111555111, 5, 70 511,
71, 132, 1411, 153, 155, 181, 209,

mmmemm;

abbatia de, 70, boseus 55, 325,
5551551155, 334.

11155515, aqua 55, 318.

11115511, 1111511111, 66, 85.

51555155, 1111115155, 41155155 (1411111-
151), 322, 378, 5551511155321, 378.

55555115, 51555111 (11111515), 43, 339.

1111111111, 5511111515, 855 15115111.

Afflmffiwwmm
mmmmmmm
297, 298, 299, 806, 307, 311.

111555, 857.

Β

8115153155, 8515151155, 88, 337, 372,
Ρ1111,185, 186.

81551515, 93, 111.

85111151, 195151, 87, 551551151355.

8115551551511111, 417.

851155555, 113.

8515551311, 81515511, 60, 71, 72111,
112,127,132,165, 183, 202, 231,
286551, 930511, 331111, 332, 352,
ΜΜΜΜΜ;ΜΜ5

21, 324, 328, 331, 332, 335 511 353,
55515515 de, 31, vicus 5511111111 S.
0111515155, 331.

8555511, 319.

8511111515851511511515, 8515158515,
87 511, 39, 90, 93.

1951155, 297.

855551515855515115,172198.

85551151 155, 358.

855555115, 1155555515, 81555551, 8515-
5511, 139, 231, 241, 242, 259, 335.

8511511115’,100.

&mmmmmfflm
317, 376, 411.

851115 ς,11151 343.

8515155115, 93.

8555185551 (81511151),115, 319,

85514161185551153 (81111511), 96,

8551511555, 141.

8551511, 8555155, 258, Magus, 95,
258, 423, Parva, 100.

85511511, 85551511, 345, 383.

851551155, 97.

8515511, 220.

851555155, 268.

85111555, 91.

85111511, 8515511, 6, 54, 325, 410:
11115155, 319.

85151555, 93.

8111511155, 81151155 (8155511511), 108,

8111511122.

81111115, 33.

81115151, 81115151, 8151115151, 87,188,

111515511151555 (Black 0511111511), 100.

8111115555( (8511551), 29, 95, 252, 255.

ΒΙ1115555555,408 ,

8151155511, 196.

8551555111, 84.

8155155515511, 84 bis, 341, 381.

81551155 (Β11151115),34.

81115, 8115, 193, 209.

 

