462 22122 22 2222222. ’

8111211212, 11021220. 02, 237, 387. J oh. 02, 346, Rob. 02, 301 ; 111212.
8112, Simon, 163. 02, 398.
821211, 111221, 106. 8122212το, 1122211202117.
821211, Simon„ 372. 81222122, Andreas 02, 210, 218.
8222112122), Gilb. fil. Hug. de, 150; Staynton, 81221). parson. 22212212 02,
321101, 11122. 02, 150, Will. fil. 293.
Adoe de, 150. 81212212, 0111), 326, 378.
8221112, Sniter¹ 0122111. Adaede, 227, 81202222, 1123, 343.
389, 112222 uxor Rio. 01. Adae 02, 81201122, Adam 02, 392.
228, 0211. 01. 11122. 02, 227, Bia. 8121, nio„ 398, 1121), 33.
fil. Adae de, 223, 1121). 02, 322. 81211, 1121), 255.
820123122, 8201122, 82ογ2222122. 8222123122, 1121). 02, 18.
02, 223, 249, 260277, 278, 302, 420. 81111210, Will. de, 217.

8212220211, 155. 81112122, 8111212122, 1112. 02, 41, 244, '

82122, 1120, 36. 216, 301, 349, 390, Will. 02, 41.
Somerville‚ Sumervill, 12232112 uxor 81222,- 02, 187 2,1411212 02, 137 u.
221. de, 252, 305 112 12212252, 2121, 221, 222 221,352, 221.
301, 305112, 356, 1311102, 29, 326, 8121122010), 163.
373. 81200222, 812021122200212 02, 360,
82122122, 1112. 02, 396. 1222). 02, 213.
8221122121, 8221122120, Adam, 95; 8121, Agnes uxor 81221). (12, 251,
1121), 101. 304 , (1211.ζο2,47; steph. de, 251, 304.
Spalding, spaldyng, Η221212 uxor 812122, Agnes uxor 812211. 02, 424,
Will. fil. 1120. 02, 213, Joh. fil. 322122 02, 135, 11202220. 02, 135,
lambert. de, 213, 214. 1121. 22212, 3122222222.
822222, 112222. 12, 393. 8121221210, 8121221220, 8121221210,
8221, walt. le, ¹352. 0122. 22222121. (12, 105, Elias de,
822202, Will., 315. 6, 103, 02222 uxor 11112 02, 6,
8222021222, 12211212 uxor 1121), 110 ; J oh. 02, 287, 391, Will. 02, 219.
1121), 110. 81212212, 82121221121202222222122,
Sper, 112 ., 363. 300, 367, 394.
Speri, 3212, 396. 8121122, Joh. 02, 397, nio. 02, 216.
sperling, Μ211102, 362 ; 1121), 82. 81211210, Β12 202, 273. ·
8211211, 8,)ἒ1ὲ21ὼὲ1111), 121, Will. 01. 81ἓ210217ἒ2,2ὲ2222222, Μ2112. eomes,
omn 1 · ”a 1 ·

8212221221, 31222. 01. 1120. 02. 112, 81121122, 81212212232112222211122). ’

Will. praepositus 02, 112. 02, 187 2, 1122. 02, 218 , Thom. 02,
Sproohing, J 20, 368. 187 n.
Springald‚ 1121), 395. 8122212, Petrus 12, 132.
Spryng, Henrio„ 262. 8121), nugo 02, 326.
8221221, 8222221, 8121221, 8221221, sturdy,will.‚43.
1122, 122, 221, 221, 222, Will., 144, sturm, 212, 212.
221, 221. 22221221, 122 walt.¹ 162.
822202220122. 02, 159, 217. Sturreys, 1 oh. 12, 82.
81222111, 1123, 10. 81212, 31211, 63, 132.
stagno, '1¹h0m. 02, 173. 81,τί220221, Nich. de, 202.
812121, 1112112, 376. 812220, Will., 73, 74.
812162, 1121), 14. 82122, Will. 02, 385.
812222, Will. de, 89. Sumyleburn (82211 01111222), 111221.
81222202, Staynoeby, 81222201, Agnes 02, 157.
02, 240, 322., 240, Μ211112 uxor 82222,ι,122.12,220.
11121102, 3, 11211622, 1311102, Sur ’12,22, Super 12,(222), Nieh. 01.
21, 242, 227. 2211252252.
8221220122, 11121102, 203. 8210212111212. 01. 1126111202, 339.
81221122, Will. de, 366. 8211123211, 398.
81221122, 1121). 02, 373. 8211121221, 121). 02, 4, 1121). 02, 4.
812222212122, Ι11121202, 218. Sutor, 1102, 381, (1211, 330, 3211, 353,
Stante, 1 oh., 110. Rob.¹ 348, 1122, 338, 348.
8122122, 81222122, 1121212 02, 347, 821122, 11210112 uxor Will. 02, 43,

 

