470 11161 61

8669661111, 408.

1161611610 (8661611610), 96, 98, 165,
168, 178, 265, 408.

9611166, 9111661, 1161611 61, 411,

Β61111,258.

1161166061, 8111166061, 315, 875, 408.

Bolum, 93, 199; 1111611106, 41, 53,
356, 857; 66616616 06, 97.

9616166161328.

ι Βο111611,1(Χ1; 1166116616.

1161116110, 208.

91611111 (8616511115 l), 60.

9161161610, 24, 199 511, 240, 885, 3571
juxta 1161611111, 417.

9166166161, 107.

9111116111, 66616116 06, 275.

9111151116, 66616616 06, 264.

91166, 85.

91611111, 96.

9161111111, 420.

1116111616, 1111111161 (1116611161), 91,

Bronhop (916661616134.

Β1ο1116111161, Β1ο1116111116,122, 825. ι

91116, 161.

9116116191. .

91116061, 194.

1111161161, 121.

Β111611, 18, 122, 281.

9111161061 (Bm-radon), 119.
1111611616, 100.

91161, 81161, 8, 100, 102, 246, 262,
91111061, 201.

8111611, 9111611, baronia 06, 58 u, 855.

⁰ l

0611611 (cambo 1), 208.

0610611161161, 114. Ι

caldewell, 25, 26, 174, 259; Juxta
0161161, 281. θ

0111161061, 100, 845, 383; Mella, 100,

06111611, 11611611, 107511, 812, 352,
374; pax 06, 115, 117.

0611161, Κ6111ο1, 861111, 405.

0611111111 juxta Hyndelegh, 90.

0116116161, 254, 317, 318 511, 37716;
smfflmmm :

01161161, 0116161, 119, 150, 319, 377; ¹
11161, 228.

01161166104.

0161611161, 0116116061011611161061 l
(81111061120516, 53.

0116111111, 2116111111, 118, 127.

0111116, 359.

Puella.

01911111611011616111111611, 011611111-
hun, 62, 119, 284, 819, 877, 411.

0111166161, 87.

01111161, 410.

0111161161, 60.

0161161161, 1161161161, 87, 89.

0111611611, 358 n.

01116061, 413.

016161061, 387, 888.

milton, 25, 23.

01160611, 60.

06166161 11’6116111111,382.

0616111116, 297.

06161, Κ6161, 1011115, 154, 218511,
312; aqua 06, 78, 912, 822 bis, 852.
See 1161111111611610.

061610616, 11616061, 126, 852, 858.

0616111616, 852. 372.

0616111111, 0616111111, 208.

06161611, 06161611, 89, 95 his.

0611111166, 98.

0611111016, 0611111116, 0616111116, 8,
6, 12, 28, subis, 65, 75161, 76, 77,
mmmmmmm
186, 280, 889, 340 bie, 854, 686, 899 ;
boscus 06, 761 pons 06, 76; prisona

1 161116161116110, 76.

. 0611116161166, 408.

ι 0611111160886.

. couplaund‚ 110, 229, 292, 234, 235,

0161166161, 91.

0111111161, 100, 173.

0161116116 (01616161), 166, 246.

0166661611, (1166661611, 15, 2265ιἰ;
227, 250 bis, 402.

01661611, 1161116116, 116161611610116·
1161) 9, 189, 322.

0166111, 314.

01616616161161, 153.

0161111111, 837.

0111111, 110.

Cullingworlh, 95.

D

1161161, 19, 39, 100, 197, 272.
1161661610, 93.
9616616, 105.

Ι 11616, 276.

116161, 276.

1161611161, 818, 877.

11611611, 1161111, 93, 169, 171.

Deffwgff’ 99, 127, 315, 383; campus
6, .

Depo, 111166, 355.

1161160611, 160. ·

1161111, 211.

 

