476

77515155, 104.
771551, 126.

U

7171577155, 275.
7515571115, 555557 51, 45.

7

751, baroni· (15 15, 855, 855.
75557, 5555515 (15, 2 n.
7151555515, 77.

W

775115515582.

7751557155, 418.

77511555, 200.

7751155, 9551155, 11551155, 97,144,
1815; 5555515 de, 18 n, 855.

Ψαηερὸοέ, 77515775, 5555 de, 79,

77551155, Superior, 87.

7755551515, 849.

7755551555, 7755551155, 7755555555,
16, 48, 202, 419.

Warlington, 99.

7755551551, 10.

7755555515, 7755555555, 79 bis, 188,
mmmmmm

welk, aqua 15, 84.

7751ρί57155, 775515157155, 89, 841
02³3 55515515 (15, 8417 pons de, 89;
77551, 88, 242.

775555715562.

7755 (er), 81.

mfflffimmmmm
0551517515115.

775555555155, 77551555515, 7751555-
55155, 77555555515, 77 bis, 78, 91,
92, 130, 888, 855, 855, 898,

num 0! mens.

7755177515, Hospita! S. 11551515, 28.
77551555551715, boseus (15, 888.
775511557155, 158, 154.
7755175157155, 855.
7751557515, 7751557515, 2,111, 115,
7751555515, 77551555155, 99, 495.
7751155, 250.
7751155157, 5557 715, 887.
7751557555, 9511157555, 7771157·
mmmmmm
7751557155180· Magna, 178, 228,

. mmmffimm

7751115551511, 90.

7757555155, 287.

windegato, 55 bis, 547, 555.

7715155, 7775155188, 188.

7711515151, 855.

77115513, campus (15, 888.

7755155511, 278.

7755155555, 281.

775115555, 775157555,77511555,16, 51,
75, 75, 155, 55555, 555, 555, 411.

7755651551, ln.

7751155, 288.

7751155557 77115, 408.

mmmmL

Wy5deslndo, 409; North, 95;85515,

Wydon‚ 777155, 7715155, 84, 149175,
841, 557, 881.

77755555155, 171,172, 184.

7775555511, 109.

7771555155, 171.

77715555, 44.

7771515155, 95.

7771155, 95.

77757515, 189.
Y
Yeardhill, Jerdhill, 259.

75155, 408.
7157557555, 154.

COBRIGENDA.

Puge 9, 1155 21, sor promovere, 75551 5555757555.Ι
,, 155, 11555 18, 28, 25, sor propars or 55555515, md 5557555
,, 274, 11557677515315571555757 capiendo, read 55511.
,, 4061755 15 from 17511557, sor 1171551, read Rybeof.

15551557 mou 5551Η57555, 25151557, 140 71556555 615554, W.

 

