111111( 11 11111111. 467

303, 391, 394, 1111111, 2851, Ι 1711111111, 1111111, 81111111 11 11

Petrus, 243, 285, 303, 305, 362, 390, ¹ 111111, 273.

391, 81111, 163. 1711111, will. (11, 213.
77οά1111111, mauringuam 1111. 7711111,1111.11, 162.

111111111111 170 , constancia uxor Wylweby, Will. fil. Hug. 11, 210.

Joh. 11111, 111, 1111111. 11, 31111111,771111111111111.

281 , (111111. 11, 103, 150, 179,185, 7711111111111, 1711111, 71111. 11,

111, 11111, 111, 111, 111, 11111, 11111.

301, 357, 397, 416, Joh. 11, 37, 52, 7711111111 (77111111),Η11111. 11, 15.

37, 170, 189, 219, 220, 249, 280, 771111.,111111111111111.,28,.1111., 28.

303, 385, 391, 397, 7111111111 uxor 77111111111), Will. 11, 217.

(111111. 11, 150, 216, 416, 1111. fil. 1711111111311. 11, 215, 217.

77111. 11, 16, 1111. (11, 208, 220, 312, 7711111111, 77111, 93. ,
· 347, 383 511, will. 11, 104 bis. Wyrton, Agnes uxor 7111111. 11, 214,
7711111111, 171111. 11, 388. 111111. 11, 214.
771111111,77111.,118. 7711111, 1111111111.
771ᾱί111111, 17111163. 1711111111, 7711111111, Gilb. 11, 325,
17111111, 1111111 1111Η11111, 212. 378, walt. 11, 33.

77111111, 21111, 130. 7711111111, 11111111. 11, 309.
17111111, 7711111111, 1711111111, (1111- 77111111, 7711111111, Alex. 11, 44,

min. 11, 151, 324, 378, 396, Hugo 1111111111 uxor Alex. (11, 44, 1111-

(11, 132, 1111. (11, 77, 127, 397, 11111111,303,1111111111,21.

1111. (apellanus 11, 73, 77111. fil. 7711111111,7711111111,17111111.,71111.

111111. 11, 116, will. de, 69, 398, 11, 296 111, 365, 367, 394.

77111. diacon. 11, 73, Will. 1111111· 7711111111, will. (11, 233.

11, 78. 7711111111, 7711111111, Joh., 67, 129,
7711111111, 7711111111, Adam fil. 162,209,300,1111.,234.

Marg. 11, 156 , Gilb. (11, 140. 7711111111111,ΑΙ111. 111. will„ 306.
7711111, 1111. 1117711111, 304. 7711111, 77111111, Adam, 46, Hugo,
Wolveshevod, (1111, 344, 383. 162, walt„ 46,

7711111, Gilb. 11, 96. 77 11111111, (1111. 11, 300.
7711111, 1111111 fllia nug. 11, 346, 1111111,11111.,179.

1111111111Ιί1 Joh. 11, 193, Joh. 11, 7711Ιί111111, 111111 (11111 mittin -

11,111,111,111;111.11,111 1111111111, 111, 11111. 11111.

7711, 77111. 11 11, 194. 11, 118.
7711111,11111,67. 77111111, 11111111 uxor 111111, 165,
77111111, Bag. 11, 249, 303. 167,Η11111. fll. 111111, 167.
771111,.1111,162. 1711111, Adam 11, 10, 20, 111111,
771111111111, Will. 11, 305. 237, 238, Rob. 11, 237 , 77111. (11,
77111111, 771111, 3111. (11, 22, 165, 301.

3111111111 111111 11, 95. 7711111111, 1111. 11, 307.

77 11111.,7711111111., 17111111, 406, 17111, will. 111. Will. 11, 3, 405.
111, 12, 1111. 11, 12, 34, 406, 771(111,3111.11,11,401.

771111, 11111111. Y

7711111111. See 7711111111. 7111111111, 1111111 uxor 1111. 11, 275,

1711111111, 1111111111, 155. 1111. 11, 275.

1711111111, Petrus, 287. 711111, aio. 11, 187 n, 192, will. 11,

77111111, 1111111 11111111. 11, 149. 354.

W 111111111,11111111(11,84, Patrio. 71111111, 711111, 31111111, 11111111.
11111111111111,84. 11, 269, Rog. fil. 711111. 11, 61,

771111, 771111, Agnes de, 149; 11111111. 1111111111.

1111111111 Patrio. 11, 304, 1111111111 7111ιῖ11111, (1111. praepositus 11, 194.

1111 Will. 11, 281, 425, Ρ11111.(11, 711, ill. del, 246.

149, nio. fil. Will. 11, 21, 242, 389, Yol, Η11111, 129.

425, 711111, 1111, 350.

771111111111, Adam 11, 219, 7111111111, Adam fil. Ι11111111, 120.
7711113, Ν1111, 162. 7111111111, will„ 73.
7711111, walt. 111. 711111, 325, Yungbe, 77111, 373. See Rungebe.

 

