166166 6666, 6666666666666, 53 6616. 111. 217

11616116616Η6661166166 6611111666 666 Willelmum 16
{lezi—gul 66166616161166 Elyr de Η6111661666 16 6166116

1161166616Η661666616 66611 1666 666 111116166616
Skymghum versus 16166666 16 Η61166, 16 6166116 66661
16111166, 61 661666 walterum 16 066166, 1666166, 61661666

„Iohannem 16 1111161166, 16 6166116 teme.

Nicholuus (lorbet 61Μ6166116, 61616166, ponunt 1666666
16166666168666616166661 116666 16 16616166 661666
116666 16 Η611166 16 6166116 consuetudinis 61 servitii3 61
661666 11666616 8666161666, 16 6166116 6116116116 61661666
J ohannem 16 Η661166’, 16 6166116 annui redditum 61661666
116116166160661166, 16 6166116 66661 16111166; 61 661666
1 ohannem 16 Middelton’, 16 6166116 ten-m.

11161116 Μ61666161666111666 666 1166 filium 11111611
16 1111161166 661 16166666 16 Wynieworihe versus Willel·
66616 Wyntereumb', 16 61661166666666666616166, 61661666
1116161666 16 (116166 61 1161166, 6161666166, 616116616
11661 16 66166, 616.

11666166 1616666611 66611 1666 666 66166 Petro 16 Β166,
Willelmum (16 866116661611 661 Willelmum 16 81111611,
61611666, 661666 J ohannem 16 Η661166’, 16 6166116 16111166,
61 661666 J ohannem 16 1111161166, 16 6166116 16116, 61
661666 1116116166 16 (166166, (16 6166116 redditus.

Η6611666 (16 Beringdou 66611 1666 666 J ohannem 16 Β616-

6661116 661666 filium (616) 1660616161 willelmum, 1161166
ejus, 16 6166116 6611616116.

Lucia, 616116166616161111161166, 666111666 666 Will-
61666 16166166 661666 1166 16 Μ616166 61 1116666,
uxorem ejus, 16 6166116 161166, 61 661666 1161161166 filium
Thomae, 16 6166116 6611661166 661166.

1116161666 16 Β611616666111666 666 1161161166 16 Κ6116666
661666 Ricardum 16 Β616166616, 16 6166116 16116, 61 661666
1161111166 (sic), 16 6166116 6611661166 661116. 11661161111166
161166661616666111666666 116666 16 Willington' versus
eundem 16 66166.

Μ6116, uxor Willelmi 11111 1116666 16 (11666161, 666111666
666 11666166 11666611 661 16166666 Gerry versus 1161611661
16 116616 61 1611161166, uxorem ejus, 6161166,166166116 6666
1166616166, uude queritur.

 

