INDEX 01 mons·

Ι6611611616,1)66661166, 113, 318, 327,

ffifflmm.

Diveleston‚ Diveles', 1161666166,
mmmmmmw
164 his, 356.

116166166666166166, 55, 56, 110516,
mmmmmmm

nom} 1161161616, Duxsord‚ 8, 40, 67,

υῶᾓωωωωω

1111111166ῃεὶ6, 1616666166, 343, 354.

6666666, 80.

Dunholm, 104.

1111611616, 33.

Dunington (1666166166), 97, 413.

11666166, 24.

1)(1661666666, 161.

11

Eboracum, Eborac'‚ 64, 163, 212, 232,
249, 251, 252, 299.

1166661166, 166666661611666611166,
119, 137, 155, 158, 159, 169, 263,
320, 411.

11666116 (1661161616), 100.

1666661166, 208.

1116666, 1616666, Magna, 337, 338,
357 3 1616666, 337, 338.

1666161661, 408.

1166611, 240.

1166611616, 1166611616, 8, 238, 286,
328, 378; apella 16, 328.

16666166, 11666166, 91, 135, 151,183,
226 bis, 240, 249, 272.

11161616, 11161616, 262, 412.

1111666666, 1166666166, 90.

11661666, 11166666 (1665161611) 67, 114,
666661

11666666 (11666611), 99, 170, 190, 241,

161166616266.

1166666166, 1166666166, 1661666166,
1116116166, 117, 234, 320, 322, 378.

116666666100.

1666111, 11666161, 16616116, 1666666116
(1665611), 98, 225 bis, 333.

1666161661, 100.

1111661, 54.

1166611616οά66, 422.

1611666166, 153.

1111616, 1166166, 314, 375.

11666666, 55.

11661ἇ1116,7161·111 (Bucari), 100, 110,
15 ,17 .

¹ 1166666, 200.

1166661111, aqua 66, 332.

1

J 16166166, 52.

6161661166, 16666666, 1616611666
fflmffifflfflffl
Ι 1616616616611’,408.
ι 161666 (stamme ?), 322.
166666166666, 1666666, 16616666,
mmmmm
161166, 1611666, 37, 71, 131, 265, 283,
1 333, 380, 397; Campus 66, 333;
· Magna, 47, 241; Parva, 47.
1 166166 (1661161111), 99.
166116’,406.
, 1661611161, Finroth’, 61, 95, 99.
(6666666666
166661, 224, 263.
166161616684.
1161161661616, 408.
1161116111, 112 bis, 251, 412, 424 bie.
1616156666, 33.
16161161, 114. ’
16166, 110116, 138.
16666166 (Fam-naeres), 343.
1666616666, 87, 341, 358 n, 359.
1666666166, 85.
1666666166, 1666666166, 32, 33,
6666666ω66
321, 405, 412, 413, 424.
1166166320.
1166166150.

G

(1666161666), campus 66, 333.

(16166666, 116.

(1616666666, 96, 359.

(16166, baronia de, 356.

(1666661166, 369, 871.

(66616166, 337 .

6166661, 354.

(11666, 209; 666166, 107.

(1166666111, 209.

(1166166666, (0166166), 320, 377.

(16661616, (1666161111, North, 101, 356;
866111, 101, 190, 191. 192, 230.

Gra 116611, ,511666 61, 911. “’

(1161161666, (1166161666, 62, 423.

(1166611611, 96.

61666616, gurges, 355.

(16666166, (1666661166, 0666661166,
87 ; eeclesia 66, 344, 415.

 

