m

(imm-11&

(1000111010, Agnes uxor Paulinus 60,
156, Paulinus 60, 156.

(101000,Δ60111,162, 293.

(1011, 1011.,60 1010010106, 362.

(1010101. (1010100, Adam, 59, 396 bis.

(1010010106, (1010011006, Agnes 60,
360, Joh. 60, 32,100101 00010010
0, 366.

(10000, (10001, (1000110, 1101001010
uxor 1106. 60, 351, 110660, 50,
οωοηωωωω,
1101060060, 327.

(10001. Gilb. de, 211, 214.

(1000101, 310011. 10, 363.

(10000, Hem-ic. 60162.

(1000, 1011392.

(10010010, 1111010 uxor Simon de, 214,
0100060, 214.

(106000 ,1106., 333.

(100, 1111111, 67.

(10001166100, Joh., 97.

(1000010, ,11100010 60, 302. .

(101, 11111, 60 1116601100124.

(1010, J 011, 162.

(101101001106. fil. 1110.,0.

(1010010, will. de, 394.

(10110, Joh., 217.

6011000, (1011000, Adam, 365, Hen-
ric.. 365, 11011, 398.

(10101101, (10110001, (1000101, (100010,
0110001060, 3330, Joh., 137, 165,
mmm

(1000, walt„ 65.

(1111016, Simon, 41.

(1110116016, will„ 303, 425.

(11110111, Agnes uxor, 69.

(11100100, (11101000, 1110. 0110100110,
1110111, 106, Will., 316.

(11101, J 01, 344.

(11110, (10110, 11100, 221 , 6100111. J oh.,
213, (1001110 uxor 11011, 66, Μο1-
0011011110 Joh., 213, 221, 11011,
mm

1111111001, 111010, 314.

(11001010, Alex. de, 394.

1110010600, (1101110600, 1110010600
(11100100), 1011011060, 120, 101160,
170, 11011. 60, 101.

1110010100, 1101. 0100001100 60, 43.

(1101111011, 01110160, 22 , 111010. 60,

(1100, 30006101, 372.

(10060, 310011, 235.

(1001006010 (1001006010), Adam fil.
Reginald. 60, 53.

(101100, 1111010 uxor 11011, 227,
11011001.

(1061016, Γ111001, 277 bie, 273, 279.

mm 01* meone.

(1060111010, um, 422, Hugo, 145.
eodem, 1100110 fil. Adn, 365,
(1060000, 11111110, 253.

(10600001, 11111, 47.

(10601100, 100160 61. 11111, 27.

(1061111, J oh., 162.

(1016011010, nob. de, 215, 219.

601610111οω, Bag. 60. 69.

(10161110, will„ 132, 335.

(1001016, 711010. 60, 301.

(10005001, (10001011, Magaris uxor
1110. 60, 3358110200510, 205, 221,
0000οψοπ0
205, 221, 222, 356 bie, 357, 385.

(10001016, 10060, 162, 1100. 60, 362,
310011. fil. J oh. 60, 366, 11111. 60, 350.

(10001100, (1000111011, 11001001. 60, 156,
11111. 60, 232, 323.

(1000, Agna, 72.

(1100100, (10101, 60 11111016, 350.

(11011010, (110010, David. 60, 275, 307,
339, Joh. 60, 61 n, 292, Mais
uxor 1110160, 204, 217, 219, 301,
1611110110 0101 David 60, 275, 307,
ΜοΜΜΜΜ,
’1110ιο. 60, 326, 379.

(1100010000, 1101). 60, 332.

(1100010, (110011, Petrus 10, 93, 145,

(1100110010394.

(110001010οε, 1101160, 173.

(1100,(1100,11001111 uxor Rog. 60,
25, Ηο0060, 272,1011.,256,339,
1106, 396, 1110. 10, 60 1100101, 202,
Rob. de, 25, 314, 375, will. 60, 60
100001, 22, will. 60, 60 hugei,
22, Will. de, 60 3100100, 324.

(11000101, (11000101, (11000101, Crei-
stok, Κ10101011, 1111010 60, 166,
Βο100 60, 336, 10010110 60, 166,
1110100110 or 110110 or 11011010 0101
Ήωοοωωωω
bia, 217, 251, 302, 407, 11711160, 14,
00000000
407, will. fil. 711001. 60, 166, 217,
213, 335, 380.

(1101111017111, 60 6601101111, 96.

(1100600, (1100600, 1100110160, 221,
Gilb. 60, 199, 221, Hugo 60, 255,
1110. 60, 162.

(11000, cristiana uxor 1 oh. 60 10, 140,
153, 305, Joh. 6010140153, Eud.
fil. Ηο0110, 242, 1101. 10, 47, Bag„
60 1106601100, 157.

(1100010101, 1011011060, 215.

(11001001, J oh. 60, 353.

(11010, 111011, 60 1110100100, 94.

(11010016, 0100001000, 153.

(11000100, J oh., 396, 1106, 396.

 

