Μ

nmx 01³ 88880118.

Maria uxor 1116111. 06, 109, Mar- ¹ Bol, Hugo, 120, 121.

geria uxor 111661. 06, 58, Petrus
01166 Maria 06, 357, whom. 06,

81161166, 81161166 (8161161161), Cris-
116116 06, 108, 8011111 06, 108, Hugo
06, 118, 111611, 82, 111661. 06, 25,
108,137,192.

81161, J oh, 383.

81161661, Andreas, 368.

8111616116, 816., 267.

8111666, 8111666, 816. 06, 35, 36,
1111106, 36.

8116116116, Jordan. 06, 266.

811166, 8611. 01. will, 38.

81666816, 82.

81666611, Hugo, 180, 218, 219, Juli-
6116 616111636616, 130, 218, 219.

8166616, 8611. 06, 266.

81616, Joh., de 816061610, 74, 11611. 16,’

8161611616, 8611. 06, 104.

81116661161066, 816, 01. Joh. 06, 100,
861). fil. 86661611. 06, 100.

81616066, 8160666 (8169066), Adam
&Qmmfflmffl
111166 06, 254, 11161610 06, 14, Joh.
66166 1166. 66166166, Regin-
610. 06, 162, Will. 06, 14, 162, Will.
06, senior, 294.

8161606611, 816611, 06, 209.

8161616116, Lucifer 06, 105, nob. 06,
105, will. (16, 105.

8166166616, 111616, 211.

8166066, Η66116. 06, 156.

8166166661611, 81666166111166, 8166-
116666, 1116 uxor 860. 06, 228, 389,
8611. 01166 ’11161161 06, 84, whom.
06, 157, 208, 228, 341, whom. pm-
positus 06, 341, 381.

8116, 81106, 0191111116. 06, 102 ,1116111
&mmmmm

Blod, 011166.

81616110, Adam 06, 165; Will. 06, 72,
ΜΜΜΜΜΜ

81660, 8611. 111061. 16, 128, Rog. 16,

86101661, 816. 06, 4, 6, sibilla uxor

16. 6, 4, 6.

86001116, 86011, Rog. 06, 242, 389,
1111106380. 8668611111

8601161, Joh. fil. 816. 06, 112.

86016, 8611, 120, 121.

861, 816., 895.

861661610, 8616111660, 861661610,
Adam de, 103, 173, 178, 218, 221,
265, 356, Agnes 06, 168, 8611.
6161610696.

861661610, Phil. 06, 272.

861116 6,(1611.,164.

8611161, 86161166, Hugo 06, 16, 2, 14,
48 bie, 54, 55, 126, 408, Margaret
06, 1 (ι, walt. 06, 55, 408.

8616, 111611, 61.

8616111161, J oh. 06, 356, ’1116116616 uxor
o., 356.

8611611161, 111611. (16, 209.

861166066, 8611. 06, 195, Will. 01.
Joh. 06, 387.

Boltby, 110616 06, 6 n, 248, 282, 303,
3661066666
141, 149, 151, 172, 173, 217, 357.

861166, 8661166, Alex. 06, 293, Joh.
de, 19, 31, 42, 404, Joh. fil. 111616.
06, 219, 111616. 06, 346, Will. de,
317 616, 376.

Bolum, Bolom, Bolym, 8661111 0116
nob. de, 183, 166611. 06, 22, 48,
Joh. 01. Joh. 06, 356, 385, 1111101
110610 06, 74.

86Ξὲ 86661, Adam, 422, (1611, 132,

86606, Adam, 398, will, 241, 396.

86110111, 8161116 filia 1166161, 23.

86661111, Alex. 06, 268.

866166, J oh. de, 14.

86666, Boys, Andreas (16, 275, 307,
8611116. 06, 101, 284, 16666116 06,
275, 061106, 284, 303, 392, Will.
Qmfflm

Bosingthorp‚ 8611. 06, 214,

86116660, 8616166110, 86616110, 8616-
1660,141611. 06, 257, 816. 06, 18, 31,
63, 217, 272, 816. 06, 666161, 188,
816. fil. 816. 06, 271, 391, 8611. 06,
33, 52, 156,165, 208, 225, 256, 257,
388, 116116016116106, 98.

8616166166, 36166666 06, 70.

86111611, 86161161, 86111, 8611161, Adam
06, 304 616, 11166. 06, 305, 1111616
06, 26, (1116116116 filia Hugonia, 51 ;
Hugo 06, 343, Joh. fil. walt. de,26;

8671). 06, 162, 205, 866. 06, 259,
86111161, 86111161, 8616161, Agnes uxor
861). 16, 261, 416, 0661611616 6161
1161). 16, 666161, 416, Hugo 16, 3,
1160. 06, 62, 1161116, 261, 326, 379,
861). 16, junior, 416, 861). 16, 666161,

8611661611, 866116. 06, 130.

861110, 861110, Adam, 228, 389.

Boukyl, Alex. 06, 256, 0116111166 uxor
Alex. 06, 256.

86116111, Alex. de, 389.

8661666, 116111, 274.

86161, 81661116, 162.

 

