INDEX OP Ρ11880118.

110110010ηεί0, Episcopus, 364, Ros,

Episcopus, 333.

Κο1101, 1103010, 317.

Κο16,00 801). 10, 318.

81010Ιο317111. 10, 310.

Κο10101,Α100110,10.

1106001111611, 81010, 74.

Κο1008,10100., 82.

1101111110, Bob. 10, 217, 77111. 10, 22,
Μ.ΜΜ.

110100. See 1111011100.

1101000, Adam, 398, 810., 307.

8001010, 803. 10, 307 , 77111. 10, 395.

Κο006011,1101100, son 01 Wiil. 10,
imfflmefflmfflmae
77111.10,12.

11011600, 1110100, 1100100, Adam fil.
Gilb. 10, 190,.1011, 10, 288, 391,
810. 10, 16, 7701101. 10, 221110,
222, 387, wilt. 10, 237, 7711110,
294, 295, Will 11 110000 10, 190,

Κο01010, 11000010, Magister Hospitalis
S. 83111110, 198, 221, 222;Rod. 10
Moyno, Magister, 152, will,
Magister, 152.

8000061000,11110100101110310, 264.

1101,11010,8006111101212,111000101,
010;0111.,41;1ο1.,17;111011.,
47, Petrus 101, 212, 810., 256, 257,
258, 347, 389.

Κο111001, 1111001, 235.

Kernssiord, 1110100101 J 011. 10, 268,
307, 1011. 10, 268, 307.

8010001000, Joh 10, 343, 382, 810011.
11. 77016. 10, 342.

1106016013, 77111, 31.

11011, Cu? cecilia 0101 77111 10, 61,
Gilb. 11010, 271, 272· Μο13011010,
324, Μο1610, 383· Petrus 10, 163,
219, 221, 110110, 266, 81010,
14, 341, 381, b. 10, 235, Wiii.
10, 346, 7111111 10, 293, 7711111.
Adae 10, 324, 77111111. Will. 10,

Ksys, J oh., 101.

8150001611, 1100. 10, 360.

1111011010, Joh., 366, will, 162.

11110001, 1111110111, 1111100111Ιο0. 10,
216, 220, Honrio. 10, 350, Μ1011.
10,51,66,137,169.175,185, 186,
192 ou 2119, 218, 329, 395, Phom.
10175.

Κ111103001611,11,11103001611, Kyllos·
110111161101010, 221. 6110100101
Joh 100101110220,11011,10, 14,
10111111100010,221,810.10,
204, 77111. 10, 34.

11111011,801.10,99. ,

451

11101010600, 80100116000110010, 146,
77111. 11. 80310, 326 bis. 379.

11103, Κο03, (1011000, 67, 806.. 319,
377, 803, 74 161.

Κ10010311.,111010.,341. “

· Kirksby‚ Korkeby, Kyrkobi, Con·

060001001011011. de, 57, Joh. 10,
00οΜοΜωοω,
111010. 10, 346 ; Wiil. 10, 10 Ηο110,

Kirkebiirerl, 77111. 10, 385.

111111011001, 1101111001, 1101011010, Prior
0100000οΜ
175, 218, 237, 352, 11030 Prior 10,
1 , 803 Ρ110110, 1, 77111. Ρ110110,
175, 300, 801). 10, 219, walt. 10,
100.

1111101001, Adam 10, 397, 7170161001
super, 3133.

Kirkeion, Κ)’1110600,·(111061000 uxor
17111. 10, 212, 219, Will. 10, 169,
ΜΜΜΜΜ

Kivsrur, will, 116.

11100600, 17111. 10, 303.

1001006013, Minister S. liob. juxta,

1111161600, 385.

1101611, 6Ηο3 0, 313.

11006, 830 ,1110

11006 ,8011110,11. 356.

Knyht, 810., Ι33.

80010100, 110010 010111100110, 167,

8011001011, 810, 10, 299.

110ηο001110, 810011. 10, 336, 386.

Κο03, 81010, 128.

Κο0110110,810.,256.

11060101,81010010 10, 366, 399.

11,1)1ᾇο1111101611,1105 11. 8031111010,

1101101ογ, Ρο610010, 162, 293 bie.

11010100,Ηο0110. 10, 311).

Ky 01110 ,11100 10, 213, 221.

Kyring, 111, 47.

1131601001 (110111000017), 803. 10, 82.

L

1000001101). 10164.

1001010, Adam 10, 121.

1110100100, Will. 11, 01010, 99.

10010101, 801. 10, 274.

lancastre, 100000111011000,Ρ11111000
0101110310, 138,149, 158, 161 bis,
ΜΜΜΜΜΜΜ
161110, 202, 203, 217.

1100010006, Prior 10, 298, 305,

11011011, Adam, 91.

ow

 

 

