INDEX 01³ 1111180113.

mom Μο001
uctred, 89, 11011,235, 11111,
152,172, 218, 216, 238, 252, 300,

Filius 11111001, 301), 312.

-11110,1101),,119.

—Wy 0010. See Gwydoms

— 11,111011,1011,162.

-1111000, Gregorius, 75, 303. 10,

11001011, 000010000, 1711.

1111111ογ0, Heu, 375.

11001010, Simon 10,(10 1101010350.

Fleming, Flemming, 110100ος, Jacob.
10, 162, 361, 366, 367, 0101010101
10, 162, 311050111101110. 10, 289,
ΜΜΜΜΜΜΜΜ
bis, 394, 1011. 10, boll. Novi 000111,
367 , 301110, 27.

1011110111, 11100011 de, 112, cristiana

0, 202.

110100, Will. fil. Pogon. (10, 61.

110111, Adam ,10101310οω00 9.

11010001100, 1011101100, 101111ογ100,
Hugo 110, 261, 1111110, 137,186,

11110501011111. 110, 151.

1011010, Alton„ 322.

1011111, Will. (10, 34.

10111011300111. Martini de, 273.

1011111100,111)1)0(10,215.

Forde, 1001110001 111. Ado de, 120,
121, (1111). fil. Ado de, 120, 121,
0110011. de, 22, 61 n, 126 , 310. de,
22, 66, Rob. do, 209.

10100101, 10100101100,111001 lo, 20, 43,
52,110101)1110 01101· Will. 10, 136,
14011000 10, 129, 0011. 10, 349,
Gwydo 10, 141, 300110. 10, 336,
336, Hugo, 863 100101110235,
Ν1011.10, 20, 52, Pogon. le, 398,
Petrus 10, 350, 3011, 398 , 310. fil.
Alata, 122, 1101). 10, 174, 202,
810011, 320, 373, ’1110οι, 10, 72,
73 510, Will. fil. Gwyd. 10, 204,

1010100111001, 59.

Fortibus, 1001101111 (10, comitissa Albae
Marlae, 275, 276.

1000111, 1011. 10, 2, 310. 10, 130.

Foster, 1011,, 40.

10010100001010010000, 0110111100 de,
23, 1111111111111. do, 172.

Fox, 1011,, 311, 11111, 306, 307.

Foxton, Rob. (10164, 11111. de, 164,

11010011ος00, Jordan. fil. Auston. de,
317, Margaret. de, 37, Nioh. 111.
111001. de, 322, 11111 (10, 125, 152.

445

11000010, 1101100010, 11000010, Adam
lo, 94, 1110111060174, 11110111
1103.10,269,1011.10,310,1110111110
uxor 1111110, 59, 06, 408, 310,
302 , 1111011, 164, 11111. 10, 59, 66,
95, 281, 297, 403, Will. 10, boll.
Novi 000111, 367, 363.

110001οΚ100,Ρο011001110, 129.

Fratribus, Alex. de, 132.

1100011, 1011, 273.

1100011010 0, 11100. 10, 413.

11011010, 011010, 11011010, 11011100,
Μο0οΜ0οΜ0

1101000, 11100, 287, 0110110011 mater
111001, 51 , 1011, 103, 111011.,127 ;
3011, 20, 49, 50, 67, 310.,103, 396,
Rob., 234, 293, 299, 354, 1110111,
51, 11111, 158, 418.

110001, 11000011, Simon, 226, 227, 304,

1100100, 1111010100, 1100011101. (10, 210,
213, sibilla uxor 30001101. (10, 210,

Friday, 11111, fil. 11011, 356, 385.

1110001010, 810011. de, 43.

1001101100, Will. (10116.

101110, [1111000163.

10110101, 810011, 133.

Fullo, 111011, 329, 380, 1011,, 162,
10010011, 82, 1101, 344, Will.,

Fullur, Fulur, 0111110133, Hom-ic.
10, 130, 1101110, 383, 110010, 286.

1011101, Alex. 10, 394, Rob. le, 162.

10111ογ0, 1411110010, 306, 307.

111101001111010. de, 132 bie.

10101101, Agnes (10, 216, 111010. de,

111, 1101001001. Comes de, 103.

1,11,301).,307.

1,·00011011010, 11]ιο011010, 301011 (10,
710, 111001. de, 211, 237, 299,

0

0001105010 (0010110011), Magister
Hospitalis (10, 231. See 0001011001.

00301001110111000, 162, (1011,,162.

Gogge, 111010, de Tossen, 158.

Galbomayden, 1011,, 342.

001111011111111, 145.

Galewey in Haydon, Joh. do, 356,

001100, 111001. de, 303.

(10100, Adam, 209, 321, 375, Hogo,
0010011101, 312, 321, 312, 375, 380.

 

