456 61666 os 66666116.

8661661111111, 239. 16, 366, Magister Hospitalis 8.
8616661116161. 16, 841, 388. 116616 16 1166131116 16, 83, 190,
11666636, 866636166111 6661 Will. 16, 366, Magister Hospitalis 8 1166116
140, 161. 16, 348, 384, 1111116, 8631616666 (16, 38, 67, Magister
193, 804, 819, 881. 8663116116 8 1166361616 1611661-
Noomin, Will., 141. gato, 83,Ν161.16,809, 81166166
1116116611666616, 354. 16, 88, 67116, Ρ116116668. 86611161.
86611661661661, 1661111666666 16. 16, 3436, 406, 413, 861. 16, 896,
8668666613611616116. 861. 16661131, Magister Hospitalis
-— oopitnlos 1611111, 61116 06161 or S. 1166116 1163111666, 38, 816., 16
6136616 australi decollet See Horo· 1166166116316161866311611681166-
1661, 816. (16, 81616166111161616, 361616, 83; 816. 111. 863. 16, 868 ,
11663, 816. 16, 1631611666, 8636, silvester, 1163161616 Hospitalis S.
86166,11111.16,8663636,11611. 16, 1161161 1163161666 16, 38, Simon,
81616166, 161. 16 , 1661616116, Custos Hospitalis 8. 116116 in
11361661. 16. 1166131116, 83, 816311, (16, 64, 410,
-- capitoleo ballivi, 61 parto 636116- 116616636116666 16, 186, 11666166
nori (16 06161 or ex porto boreali 16, 366, 11666166 8. Nion, 366,
16 06161. Sos Burdon, 161. , 8611- walt. 16, 8, Will. fil. 86316611. 16,
well, 866116. 16, Hopnn, 111661, 809.
1166166, Simon. do; 8661611111. 1161. 06616. ballivi 16. 866 81616166,
16, 861661, Will. 16, 86131, Adam do; Brumpton, 866616. 16,
161. 16, 8661661, 861., 116131, Bronton, 161. 16; 8616166, 866616.
11161616, 11’1111631616,861).(16. 16,·811. 863,816·,111616663,1ο1.,
—ooronaton 866 86161663.,11111. 86166636 1111116, 8636 816. 16
16,86161613.,11111.166616661(16, 16, 8111661311636 (16,116616616,
86161, 11661, 0161666166 (Gun- Τ1616.111866.16,11616663,861.
norton), 161 16, 863166, 11111, 16, 11666161631116161163163 ·,) 8636
8311111161) (16,11,66666166 066- 16, 11111661, 861. 16, 8616361166,
gorius 16 11111616.
-6666661661116606161666136616 — 66666616166 16. 866 81616616,
66616611 16 06161. 866 1661166861. 16, 1111166611 (1131611611),

11316 (16 (1611666166 (6166661166) 11661.

16 (16,866111,86.,033111,-861666616 866811.863.,1611,
161. 16· 8111661166, g'Nioln 16, 8611661611661. 16, 8661, 866616.
861666316686316. 16,8661,11161.16.

—- ooronotor‚ 61( porte 1161661116 Novo Monostorio, Δ111616,66, 150,
colet or North colet 66661116,166116,111,166,616,16616’,661,’
1111116111, Gnlun, 8636· Mus- 366, 357, Adam, Abho 16, 164,
ohnmp, Will 16, 8666166631, 116166 16 854· ,863,, 11166 16 841,
11611,16.’11ο61.,111166(16154.

-66666161 8660111661, 81616,1161611116,11166661.16,338.
8666166111, 11611. 16. 11666166, llio, 73, 74.

- 6616666166. 866 8631111, Bodll, Nutol, Will. 16, 76.

1111116, 1163661111, 861.(16. 83361, Eleus uxor 863. 167 , 863.,

-1166666166, See 06611166, 11611. 167.

(16 ,01666611166661 16, (16661666,

Adam 16,8661,)166,861.16,

Η61166,1ο1.16,863166,11111, 0

11311636631166,1ο1.(16.
86606616663611366611116616616,06161661.,0111).,188.

398, 8661.161 16 olerk do, 868, 06161, 111661,817,11111.,817.

Dionisin uxor 86611611661661 do, 01661, 866116, 38, 86111. 8666131,

868, 81616681161166681661161. 866.

16, 406, 413, 861166 uxor Joh. 011631661161116888.

616116. 16, 889, 86611666 16, 366, 033111, 03361, 83311, 133611.. Gilb. (16,

395,161.61661616,160,116111666. 88, 68, 808, 893 bu 161 16, 137

16, 396, Mo 661, 16, 168, Magi 6161 bn', 168, 185, 198, 31³2, 340, 816, (16,

Hospitalis 8.(161661106616666116 38, 11616. (16, 64.

 

