INDEX OF 3111180118.

8011130103 10, Will. 60, 34.
8001301710811311001310 Adam 10,
397;Α1101010380,17111.,397.

8001101000, 301111. 60, 273.

8011001006,80001006,Ηο01010 60, 354,
1101160, 248.

8011011110, 310. 60, 252,

scissor, Will., 60 1100011011, 349.

8030101, 8011111010, Ηο3ο 10, 343, 77111.
0343,

80011, Euge, 146.

80010103 ,11011Ι 60, 162.

8001, 8101, 80011000, 60 800110, Adam,

' 127, 319, 360, 377, 113000 uxor
171011, 354, A'lex, 114; Andreas
01011001 60, 362, 0011, 214, 221,
336,01111, 323;300110, 120133,
289711, 29'6, 393 bb, 394, 1100110.
10, Major Novi 000111, 367, 369,
Ηο3ο, 242, 280, 300, 389, 391 ; 3011,
0000000
1401001001, 30, 107; Μο130110 uxor
3030, 242. 339, 1601111000 10, 316,
111011, 129, 354, 171011. 10, Major
Novi 000111, 368, Patrio, 330,
30310016. 10, 316, 375, 3011, 350,
368, 30111000, 193, 1103, 307,
Simon, 334, 331, Τ1100,130, 302,
303, 317, 364, 376, 391, 393, 395,
Ὴωο000000
326, 379ς17111. 1601000011οε 60, 336.

8001016, 1106, 395.

800110 or Scottorum, 1103100, 125,
Rex, 312, 368101, Alex. 11013111,
214, 352, Will. 1101, 352.

8001001011011, 17111. 60, 217.

80310103 (810110), 17111. fil. Ηο301100

0, 93.

8010000060, 8000001106, 8110100006,
Will. 60, 127, Will. 111. 303. 60,

8010360, Alicio uxor Gilb.‚ 123.

80113101,17111,120,132.

8010113, 11030 60, 130.

8010101111, Soroboxill‚ 3101010011,
0101011111, 1001101111 uxor 310. 60, 14,
42, 404, 1110, 19, 31, 42, 102, 18111,

8001001110, Pygoh. de, 164.

80010, J 011, 30.

800100101003111, 77111. 60, 302.

80311011, 8011011, 1101). 60, 363 bie.

8010113, 80110113, 3011.,302,.1011. fil.
J oh. de, 305, Μο130110 uxor 77011.
00000οω0,
Μο00000
302, 00101. 17011, 25, 17111. 60,
3106, 219 bis, 308, 17111. fil. 7110111.
0, 211,

461

· 801003031001661. 1101160, 323

801101, 80101, Godrio. 10, 219, 71101111,

80010010, 1110110110 uxor 310. 6045
1110. (10, 45.

80131000, J 011, 316, 376.

80130001, 80130001, Adam, 273, 397 ;
1101110336, 71100. 10, 60, 130,
17111. 10, 290, 398.

80110101,01111., 129.

80111001, 306,, 133, 17011, 132.

8000001110, Eva 60, 116.

80100, 803100, 0001110 uxor Hug. 60,
252, 300, 304, 1100110. de, 21, 53,
Ηο30 60, 300, 304, Magister 60,
371, 303. 60, 290, 77111. 60, 399.

80160010 71111600 (Severe), 1001. 60,

8110110110,80110111100,14600 fll. 1110.
60, 74; Job. 611011. 60, 74, 1011.
ffl. 711οο. 60, 74; 1110. fil. Nok 60,
74; 71100. 60, 74, ’111010 gener.
101174, 17111. 1011016074, 17111.
fflQQM

8101100030, Gilb., 188.

8001101100, 77111. fil. 711001. 60, 326.

811010. 8008011013.

81106103, Adam 60, 162.

8110310011ον06, ,10110000 uxor Job. 60,
308, Joh. (10, 308.

81101ορ, 11011, 107.

8001000100, 77111. 60, 232.

8101001103, Μο111, 80.

8111110, 11011, 160.

801061001110, 7711160, 132.

81101001, 71100. 60, 70.

81101100, 1110. 60, 301, 11011. 60,

8113110301, Eudo 60, 164.

8113003100, Nioh. do, 161.

81001601, Wydo 60, 405.

811011, J 011, 213, 214.

8100130, 303, 209.

8111103100, 8131031100, Μο130110
uxor Nioh. 60, 220, Nioh. 60, 217.
See 8031103100, 81 1311031100

81130, Simon, 294.

81310000,1711160,211.

8131001103060, 716.

81010103, 8100010, 810101, Alicio 01101
77111. 60, 141, 0111160 30103,
11011. 01011010, 30, walt. 61303.
60,27;17111.60, 141, 156,164,130,
397, 17111. 61061160, 153,77111.
61110111116106030.

8103, 77011, 1.14

8103110, nob. 60, 299, 306, 3011. fil.
4601 60 3073 77111 60, 310.

81003003, 810311. 60, 76.

 

